ngram	g2	freq_corp	size_corp	freq_ref	size_ref
представлять_v себя_spro	303.9656293144943	877.0	1970426	127.0	1165252
принять_v участие_s	169.23089712836207	23.0	1970426	142.0	1165252
добавить_partcp стоимость_s	63.896183318693744	85.0	1970426	2.0	1165252
давать_v возможность_s	59.40655581481818	130.0	1970426	13.0	1165252
чувствовать_v себя_spro	54.8196084168886	11.0	1970426	52.0	1165252
иметь_v место_s	46.516831457913305	196.0	1970426	40.0	1165252
править_partcp элита_s	43.94607435036927	56.0	1970426	1.0	1165252
оказывать_v влияние_s	39.49300853157875	80.0	1970426	7.0	1165252
получить_v развитие_s	34.15804069991839	45.0	1970426	1.0	1165252
способствовать_v развитие_s	26.71381612912872	42.0	1970426	2.0	1165252
хозяйствовать_partcp субъект_s	26.469012097750984	66.0	1970426	8.0	1165252
представлять_partcp себя_spro	26.08532715865527	82.0	1970426	13.0	1165252
иметь_v значение_s	25.770295312012674	65.0	1970426	8.0	1165252
принимать_v участие_s	23.821773674469846	69.0	1970426	89.0	1165252
получить_v название_s	23.69478455822106	62.0	1970426	8.0	1165252
поставить_partcp цель_s	22.921780936387428	42.0	1970426	3.0	1165252
осуществлять_v контроль_s	22.132187453624528	41.0	1970426	3.0	1165252
быть_v язык_s	21.020191650711695	30.0	1970426	1.0	1165252
принимать_partcp решение_s	20.920355568074168	35.0	1970426	2.0	1165252
править_partcp режим_s	20.649979040720872	47.0	1970426	5.0	1165252
принять_v решение_s	19.072425352339607	33.0	1970426	51.0	1165252
быть_v человек_s	18.005745098225372	7.0	1970426	22.0	1165252
принимать_v мера_s	17.67485917583921	31.0	1970426	2.0	1165252
являться_v основа_s	17.67485917583921	31.0	1970426	2.0	1165252
выполнять_v функция_s	17.54267884363642	39.0	1970426	4.0	1165252
являться_v результат_s	14.981041335869307	39.0	1970426	5.0	1165252
оказать_v влияние_s	13.70876240567851	26.0	1970426	2.0	1165252
найти_v отражение_s	13.35690806456436	21.0	1970426	1.0	1165252
предполагать_v наличие_s	13.234506048875492	33.0	1970426	4.0	1165252
вести_v себя_spro	12.714950234893081	22.0	1970426	34.0	1165252
являться_v обеспечение_s	11.6938412716416	19.0	1970426	1.0	1165252
предоставить_partcp право_s	11.6938412716416	19.0	1970426	1.0	1165252
оказывать_partcp влияние_s	11.6938412716416	19.0	1970426	1.0	1165252
рассматривать_v дело_s	10.86996177017871	18.0	1970426	1.0	1165252
привлечь_v внимание_s	10.814498579900974	9.0	1970426	19.0	1165252
иметь_partcp значение_s	10.80795793805493	26.0	1970426	3.0	1165252
идти_v процесс_s	10.633713844497402	22.0	1970426	2.0	1165252
быть_v стать_s	10.633713844497402	22.0	1970426	2.0	1165252
позволить_v себя_spro	10.613782962594348	11.0	1970426	21.0	1165252
сделать_v вывод_s	10.351951027478798	65.0	1970426	17.0	1165252
иметь_v право_s	10.304565451369996	132.0	1970426	46.0	1165252
показывать_v практика_s	10.05193879665594	17.0	1970426	1.0	1165252
иметь_v ряд_s	10.05193879665594	17.0	1970426	1.0	1165252
удовлетворять_v потребность_s	10.05193879665594	17.0	1970426	1.0	1165252
акцентировать_v внимание_s	9.692233341923062	31.0	1970426	5.0	1165252
принимать_v решение_s	9.673903223792166	66.0	1970426	18.0	1165252
уступать_v место_s	9.240462485533177	16.0	1970426	1.0	1165252
являться_v средство_s	9.240462485533177	16.0	1970426	1.0	1165252
получить_v распространение_s	9.240462485533177	16.0	1970426	1.0	1165252
послужить_v основа_s	9.240462485533177	16.0	1970426	1.0	1165252
оказывать_v содействие_s	9.139470125356642	20.0	1970426	2.0	1165252
получать_v возможность_s	8.436352681929831	15.0	1970426	1.0	1165252
квалифицировать_partcp признак_s	8.436352681929831	15.0	1970426	1.0	1165252
заложить_partcp основа_s	8.436352681929831	15.0	1970426	1.0	1165252
предпринять_partcp попытка_s	8.405594643668874	19.0	1970426	2.0	1165252
заложить_v основа_s	8.405594643668874	19.0	1970426	2.0	1165252
быть_v средство_s	8.405594643668874	19.0	1970426	2.0	1165252
иметь_v дело_s	8.112918437393283	60.0	1970426	17.0	1165252
подавлять_partcp большинство_s	8.042228987628516	67.0	1970426	20.0	1165252
иметь_v форма_s	7.6817568505952	18.0	1970426	2.0	1165252
способствовать_v повышение_s	7.640593645462475	14.0	1970426	1.0	1165252
регулировать_partcp отношение_s	7.640593645462475	14.0	1970426	1.0	1165252
использовать_v термин_s	7.640593645462475	14.0	1970426	1.0	1165252
осуществлять_v мера_s	7.640593645462475	14.0	1970426	1.0	1165252
уступить_v место_s	7.640593645462475	14.0	1970426	1.0	1165252
сложиться_partcp система_s	7.640593645462475	14.0	1970426	1.0	1165252
появляться_v возможность_s	7.640593645462475	14.0	1970426	1.0	1165252
исключать_v возможность_s	7.367498071660771	21.0	1970426	3.0	1165252
привести_v пример_s	7.314228850745604	30.0	1970426	6.0	1165252
являться_v язык_s	6.969045686844533	17.0	1970426	2.0	1165252
иметься_partcp ресурс_s	6.854381202839255	13.0	1970426	1.0	1165252
понимать_v язык_s	6.854381202839255	13.0	1970426	1.0	1165252
делаться_v вывод_s	6.854381202839255	13.0	1970426	1.0	1165252
рассматривать_partcp период_s	6.854381202839255	13.0	1970426	1.0	1165252
накопить_partcp опыт_s	6.854381202839255	13.0	1970426	1.0	1165252
делать_v упор_s	6.854381202839255	13.0	1970426	1.0	1165252
являться_v часть_s	6.666246975546946	26.0	1970426	5.0	1165252
становиться_v объект_s	6.268737713433998	16.0	1970426	2.0	1165252
править_partcp партия_s	6.252686631231253	20.0	1970426	25.0	1165252
давать_v основание_s	6.2083037932986525	28.0	1970426	6.0	1165252
ставить_v вопрос_s	6.095190708954668	25.0	1970426	5.0	1165252
отличаться_v друг_s	6.095190708954668	25.0	1970426	5.0	1165252
составлять_v основа_s	6.079188127743599	12.0	1970426	1.0	1165252
содержаться_v сведение_s	6.079188127743599	12.0	1970426	1.0	1165252
быть_v период_s	6.079188127743599	12.0	1970426	1.0	1165252
дать_v определение_s	6.079188127743599	12.0	1970426	1.0	1165252
считать_v себя_spro	5.929519562815338	17.0	1970426	22.0	1165252
иметь_v смысл_s	5.841111431962261	30.0	1970426	7.0	1165252
принять_partcp решение_s	5.582342909942885	15.0	1970426	2.0	1165252
использовать_v метод_s	5.582342909942885	15.0	1970426	2.0	1165252
выпускать_partcp продукция_s	5.582342909942885	15.0	1970426	2.0	1165252
посвятить_partcp анализ_s	5.582342909942885	15.0	1970426	2.0	1165252
создавать_v условие_s	5.537476771524851	24.0	1970426	5.0	1165252
вызывать_v сомнение_s	5.448787933914207	21.0	1970426	4.0	1165252
нарушить_partcp право_s	5.440006510151567	18.0	1970426	3.0	1165252
стать_v основа_s	5.440006510151567	18.0	1970426	3.0	1165252
являться_v следствие_s	5.440006510151567	18.0	1970426	3.0	1165252
способствовать_v расширение_s	5.316856922248701	11.0	1970426	1.0	1165252
определять_v содержание_s	5.316856922248701	11.0	1970426	1.0	1165252
являться_v слово_s	5.316856922248701	11.0	1970426	1.0	1165252
давать_v право_s	5.316856922248701	11.0	1970426	1.0	1165252
дать_v мир_s	5.316856922248701	11.0	1970426	1.0	1165252
способствовать_v увеличение_s	5.316856922248701	11.0	1970426	1.0	1165252
платить_v налог_s	5.316856922248701	11.0	1970426	1.0	1165252
обладать_v свойство_s	5.316856922248701	11.0	1970426	1.0	1165252
принять_v мера_s	5.260945262524562	8.0	1970426	13.0	1165252
обращаться_v внимание_s	4.91166538110718	14.0	1970426	2.0	1165252
запретить_partcp закон_s	4.91166538110718	14.0	1970426	2.0	1165252
обладать_v способность_s	4.827337054790116	17.0	1970426	3.0	1165252
иметь_partcp право_s	4.827337054790116	17.0	1970426	3.0	1165252
делать_v акцент_s	4.827337054790116	17.0	1970426	3.0	1165252
выполнять_v роль_s	4.827337054790116	17.0	1970426	3.0	1165252
изучать_v история_s	4.569735062678321	10.0	1970426	1.0	1165252
являться_v знак_s	4.569735062678321	10.0	1970426	1.0	1165252
указать_partcp лицо_s	4.569735062678321	10.0	1970426	1.0	1165252
становиться_v часть_s	4.569735062678321	10.0	1970426	1.0	1165252
являться_v система_s	4.569735062678321	10.0	1970426	1.0	1165252
обеспечивать_v возможность_s	4.569735062678321	10.0	1970426	1.0	1165252
являться_v собственность_s	4.569735062678321	10.0	1970426	1.0	1165252
достигнуть_partcp уровень_s	4.569735062678321	10.0	1970426	1.0	1165252
совершить_partcp преступление_s	4.569735062678321	10.0	1970426	1.0	1165252
приобретать_v форма_s	4.569735062678321	10.0	1970426	1.0	1165252
находить_v отражение_s	4.320201446054338	19.0	1970426	4.0	1165252
потерпеть_v поражение_s	4.270856913649122	8.0	1970426	12.0	1165252
допустить_partcp нарушение_s	4.258885213251596	13.0	1970426	2.0	1165252
служить_v основание_s	4.258885213251596	13.0	1970426	2.0	1165252
быть_v время_s	4.225370994849374	7.0	1970426	11.0	1165252
ставить_v задача_s	3.8408784252976	9.0	1970426	1.0	1165252
главенствовать_partcp роль_s	3.8408784252976	9.0	1970426	1.0	1165252
иметься_v возможность_s	3.8408784252976	9.0	1970426	1.0	1165252
обеспечивать_v единство_s	3.8408784252976	9.0	1970426	1.0	1165252
показать_v практика_s	3.8408784252976	9.0	1970426	1.0	1165252
характеризоваться_v наличие_s	3.8408784252976	9.0	1970426	1.0	1165252
иметь_v тенденция_s	3.657114425372802	15.0	1970426	3.0	1165252
дать_v толчок_s	3.6266710067677117	12.0	1970426	2.0	1165252
проводить_v политика_s	3.6266710067677117	12.0	1970426	2.0	1165252
происходить_v изменение_s	3.6266710067677117	12.0	1970426	2.0	1165252
иметь_v характер_s	3.6266710067677117	12.0	1970426	2.0	1165252
давать_v представление_s	3.6266710067677117	12.0	1970426	2.0	1165252
задавать_v вопрос_s	3.5371735296409677	10.0	1970426	13.0	1165252
быть_v проблема_s	3.2676903475051002	7.0	1970426	10.0	1165252
иметь_partcp отношение_s	3.265182861528081	17.0	1970426	4.0	1165252
являться_v развитие_s	3.134368856716999	8.0	1970426	1.0	1165252
ограничивать_v возможность_s	3.134368856716999	8.0	1970426	1.0	1165252
являться_v достижение_s	3.134368856716999	8.0	1970426	1.0	1165252
становиться_v предмет_s	3.134368856716999	8.0	1970426	1.0	1165252
обеспечить_v реализация_s	3.134368856716999	8.0	1970426	1.0	1165252
затрагивать_v вопрос_s	3.134368856716999	8.0	1970426	1.0	1165252
использовать_v достижение_s	3.134368856716999	8.0	1970426	1.0	1165252
получать_v прибыль_s	3.134368856716999	8.0	1970426	1.0	1165252
использовать_partcp ресурс_s	3.134368856716999	8.0	1970426	1.0	1165252
принимать_v форма_s	3.134368856716999	8.0	1970426	1.0	1165252
быть_v способ_s	3.134368856716999	8.0	1970426	1.0	1165252
способствовать_v создание_s	3.1041518966493262	14.0	1970426	3.0	1165252
получать_v информация_s	3.0183380374121485	11.0	1970426	2.0	1165252
давать_partcp возможность_s	3.0183380374121485	11.0	1970426	2.0	1165252
являться_v вопрос_s	3.0183380374121485	11.0	1970426	2.0	1165252
предприниматься_v попытка_s	2.990191849487333	19.0	1970426	5.0	1165252
мочь_v стать_s	2.9107398519303693	71.0	1970426	57.0	1165252
получить_partcp название_s	2.7812709688751704	28.0	1970426	9.0	1165252
являться_v наличие_s	2.7702284062788625	16.0	1970426	4.0	1165252
стать_v причина_s	2.733299723516393	10.0	1970426	12.0	1165252
получить_partcp результат_s	2.576453236425391	13.0	1970426	3.0	1165252
иметь_v преимущество_s	2.45583269055359	7.0	1970426	1.0	1165252
характеризовать_v степень_s	2.45583269055359	7.0	1970426	1.0	1165252
являться_v определение_s	2.45583269055359	7.0	1970426	1.0	1165252
уделять_v внимание_s	2.45583269055359	7.0	1970426	1.0	1165252
проводиться_v анализ_s	2.45583269055359	7.0	1970426	1.0	1165252
найти_v компромисс_s	2.45583269055359	7.0	1970426	1.0	1165252
являться_v фактор_s	2.45583269055359	7.0	1970426	1.0	1165252
способствовать_v возникновение_s	2.45583269055359	7.0	1970426	1.0	1165252
являться_v собственник_s	2.45583269055359	7.0	1970426	1.0	1165252
развивать_v идея_s	2.45583269055359	7.0	1970426	1.0	1165252
отвечать_partcp требование_s	2.45583269055359	7.0	1970426	1.0	1165252
предусмотреть_partcp закон_s	2.45583269055359	7.0	1970426	1.0	1165252
являться_v причина_s	2.45583269055359	7.0	1970426	1.0	1165252
подвергнуть_partcp критика_s	2.45583269055359	7.0	1970426	1.0	1165252
получать_v развитие_s	2.45583269055359	7.0	1970426	1.0	1165252
определять_v порядок_s	2.45583269055359	7.0	1970426	1.0	1165252
являться_v создание_s	2.438076283581867	10.0	1970426	2.0	1165252
являться_v источник_s	2.438076283581867	10.0	1970426	2.0	1165252
звучать_partcp речь_s	2.438076283581867	10.0	1970426	2.0	1165252
осуществлять_v надзор_s	2.438076283581867	10.0	1970426	2.0	1165252
изучать_v язык_s	2.438076283581867	10.0	1970426	2.0	1165252
стать_v создание_s	2.438076283581867	10.0	1970426	2.0	1165252
быть_v система_s	2.3003137502720774	15.0	1970426	4.0	1165252
существовать_v множество_s	2.3003137502720774	15.0	1970426	4.0	1165252
быть_v попытка_s	2.2922496718897083	6.0	1970426	8.0	1165252
решить_v вопрос_s	2.2922496718897083	6.0	1970426	8.0	1165252
подводить_v итог_s	2.160495725292602	20.0	1970426	19.0	1165252
быть_v результат_s	2.1496709501290754	24.0	1970426	8.0	1165252
способствовать_v формирование_s	2.113097625539446	17.0	1970426	5.0	1165252
вести_v борьба_s	2.077671304709148	12.0	1970426	3.0	1165252
иметь_v вид_s	2.077671304709148	12.0	1970426	3.0	1165252
получить_v возможность_s	2.005345601539047	10.0	1970426	11.0	1165252
являться_v предмет_s	1.9795350611859597	19.0	1970426	6.0	1165252
обстоять_v дело_s	1.9663457807178606	30.0	1970426	11.0	1165252
являться_v проблема_s	1.8912890978657626	9.0	1970426	2.0	1165252
рассматриваться_v вопрос_s	1.8912890978657626	9.0	1970426	2.0	1165252
получать_v доход_s	1.8912890978657626	9.0	1970426	2.0	1165252
давать_v оценка_s	1.8912890978657626	9.0	1970426	2.0	1165252
встать_v вопрос_s	1.8912890978657626	9.0	1970426	2.0	1165252
преследовать_v цель_s	1.858519559260829	14.0	1970426	4.0	1165252
поставить_partcp вопрос_s	1.858519559260829	14.0	1970426	4.0	1165252
посвятить_partcp изучение_s	1.8133355033838559	6.0	1970426	1.0	1165252
иметь_v работа_s	1.8133355033838559	6.0	1970426	1.0	1165252
повышать_v качество_s	1.8133355033838559	6.0	1970426	1.0	1165252
предполагать_v возможность_s	1.8133355033838559	6.0	1970426	1.0	1165252
побуждать_v человек_s	1.8133355033838559	6.0	1970426	1.0	1165252
быть_v объект_s	1.8133355033838559	6.0	1970426	1.0	1165252
наделить_partcp право_s	1.8133355033838559	6.0	1970426	1.0	1165252
принадлежать_v государство_s	1.8133355033838559	6.0	1970426	1.0	1165252
заниматься_v вопрос_s	1.8133355033838559	6.0	1970426	1.0	1165252
давать_v человек_s	1.8133355033838559	6.0	1970426	1.0	1165252
выполнять_v обязательство_s	1.8133355033838559	6.0	1970426	1.0	1165252
предусмотреть_partcp возможность_s	1.8133355033838559	6.0	1970426	1.0	1165252
расширять_v возможность_s	1.8133355033838559	6.0	1970426	1.0	1165252
высказываться_v мнение_s	1.8133355033838559	6.0	1970426	1.0	1165252
быть_v борьба_s	1.8133355033838559	6.0	1970426	1.0	1165252
решить_v задача_s	1.8133355033838559	6.0	1970426	1.0	1165252
оценить_v степень_s	1.8133355033838559	6.0	1970426	1.0	1165252
противопоставлять_v себя_spro	1.8133355033838559	6.0	1970426	1.0	1165252
сделать_partcp попытка_s	1.8133355033838559	6.0	1970426	1.0	1165252
получить_v статус_s	1.7437286790024977	8.0	1970426	9.0	1165252
положить_v начало_s	1.7134172914482368	16.0	1970426	5.0	1165252
представить_v себя_spro	1.6936315636402366	24.0	1970426	21.0	1165252
стоять_v вопрос_s	1.6151686353233705	7.0	1970426	8.0	1165252
провести_partcp исследование_s	1.6123172039653615	11.0	1970426	3.0	1165252
наделить_partcp полномочие_s	1.6123172039653615	11.0	1970426	3.0	1165252
начаться_v процесс_s	1.6123172039653615	11.0	1970426	3.0	1165252
быть_v предмет_s	1.6122532125968068	18.0	1970426	6.0	1165252
сложиться_partcp ситуация_s	1.5665369238913982	23.0	1970426	20.0	1165252
являть_v себя_spro	1.4890329350023874	6.0	1970426	7.0	1165252
быть_v представитель_s	1.4890329350023874	6.0	1970426	7.0	1165252
поставить_v вопрос_s	1.4858272981767735	22.0	1970426	8.0	1165252
иметь_partcp цель_s	1.4485358991491335	13.0	1970426	4.0	1165252
проявлять_v себя_spro	1.4485358991491335	13.0	1970426	4.0	1165252
определить_v место_s	1.3851142031394312	8.0	1970426	2.0	1165252
стимулировать_v рост_s	1.3851142031394312	8.0	1970426	2.0	1165252
являться_v признак_s	1.3851142031394312	8.0	1970426	2.0	1165252
быть_v продукт_s	1.3851142031394312	8.0	1970426	2.0	1165252
делаться_v попытка_s	1.3851142031394312	8.0	1970426	2.0	1165252
выполнять_partcp работа_s	1.3851142031394312	8.0	1970426	2.0	1165252
решать_v задача_s	1.3851142031394312	8.0	1970426	2.0	1165252
являться_v исключение_s	1.3851142031394312	8.0	1970426	2.0	1165252
идти_v речь_s	1.384645863915912	25.0	1970426	21.0	1165252
быть_v место_s	1.3666498617581966	5.0	1970426	6.0	1165252
принимать_partcp участие_s	1.353385312434387	14.0	1970426	13.0	1165252
служить_v средство_s	1.3435443438306724	15.0	1970426	5.0	1165252
изучать_partcp язык_s	1.2727822389717334	17.0	1970426	6.0	1165252
решаться_v вопрос_s	1.2277681290614888	9.0	1970426	9.0	1165252
принять_v закон_s	1.2199317956962732	13.0	1970426	12.0	1165252
возникать_v ряд_s	1.2190381417909335	5.0	1970426	1.0	1165252
видеть_v причина_s	1.2190381417909335	5.0	1970426	1.0	1165252
ожидать_partcp результат_s	1.2190381417909335	5.0	1970426	1.0	1165252
являться_v отсутствие_s	1.2190381417909335	5.0	1970426	1.0	1165252
способствовать_v сохранение_s	1.2190381417909335	5.0	1970426	1.0	1165252
создать_partcp условие_s	1.2190381417909335	5.0	1970426	1.0	1165252
связать_partcp друг_s	1.2190381417909335	5.0	1970426	1.0	1165252
противоречить_v друг_s	1.2190381417909335	5.0	1970426	1.0	1165252
дать_partcp вывод_s	1.2190381417909335	5.0	1970426	1.0	1165252
признавать_v необходимость_s	1.2190381417909335	5.0	1970426	1.0	1165252
выполнять_partcp функция_s	1.2190381417909335	5.0	1970426	1.0	1165252
предполагать_v создание_s	1.2190381417909335	5.0	1970426	1.0	1165252
позволять_v человек_s	1.2190381417909335	5.0	1970426	1.0	1165252
лишаться_v возможность_s	1.2190381417909335	5.0	1970426	1.0	1165252
определяться_v уровень_s	1.2190381417909335	5.0	1970426	1.0	1165252
быть_v признание_s	1.2190381417909335	5.0	1970426	1.0	1165252
отводиться_v роль_s	1.2190381417909335	5.0	1970426	1.0	1165252
являться_v предпосылка_s	1.2190381417909335	5.0	1970426	1.0	1165252
выполнить_partcp работа_s	1.1860536862744118	10.0	1970426	3.0	1165252
стать_v предмет_s	1.1860536862744118	10.0	1970426	3.0	1165252
иметь_v статус_s	1.1860536862744118	10.0	1970426	3.0	1165252
создать_partcp человек_s	1.1860536862744118	10.0	1970426	3.0	1165252
возникать_v проблема_s	1.1860536862744118	10.0	1970426	3.0	1165252
иметь_partcp место_s	1.1384810420652531	27.0	1970426	11.0	1165252
служить_v основа_s	1.0748354750645377	12.0	1970426	4.0	1165252
предпринять_v попытка_s	0.9549307670478226	7.0	1970426	7.0	1165252
получить_v право_s	0.9364903739375046	18.0	1970426	7.0	1165252
играть_v роль_s	0.9364903739375046	18.0	1970426	7.0	1165252
происходить_v смена_s	0.9292597796304145	7.0	1970426	2.0	1165252
касаться_v вопрос_s	0.9292597796304145	7.0	1970426	2.0	1165252
контролировать_v деятельность_s	0.9292597796304145	7.0	1970426	2.0	1165252
противоречить_partcp друг_s	0.9292597796304145	7.0	1970426	2.0	1165252
быть_v создание_s	0.9292597796304145	7.0	1970426	2.0	1165252
выйти_v книга_s	0.9292597796304145	7.0	1970426	2.0	1165252
обращать_v внимание_s	0.8686393931199898	66.0	1970426	32.0	1165252
объединить_partcp европа_s	0.8061266062984034	9.0	1970426	3.0	1165252
соответствовать_v требование_s	0.8061266062984034	9.0	1970426	3.0	1165252
наслать_v отражение_s	0.8061266062984034	9.0	1970426	3.0	1165252
объединить_partcp нация_s	0.75325949704545	13.0	1970426	11.0	1165252
определять_partcp роль_s	0.7429136490883868	11.0	1970426	4.0	1165252
быть_v основание_s	0.7429136490883868	11.0	1970426	4.0	1165252
рассматривать_v язык_s	0.7429136490883868	11.0	1970426	4.0	1165252
подвести_v итог_s	0.7082466401920491	13.0	1970426	5.0	1165252
одержать_v победа_s	0.7082466401920491	13.0	1970426	5.0	1165252
быть_v возможность_s	0.5997376364088729	15.0	1970426	12.0	1165252
являться_v ответ_s	0.5374177375322688	6.0	1970426	2.0	1165252
заслуживать_v внимание_s	0.5374177375322688	6.0	1970426	2.0	1165252
нанести_v ущерб_s	0.5374177375322688	6.0	1970426	2.0	1165252
иметься_v множество_s	0.5374177375322688	6.0	1970426	2.0	1165252
существовать_v возможность_s	0.5374177375322688	6.0	1970426	2.0	1165252
набирать_v сила_s	0.5374177375322688	6.0	1970426	2.0	1165252
быть_v элемент_s	0.5374177375322688	6.0	1970426	2.0	1165252
образовывать_v система_s	0.48202116323669175	8.0	1970426	3.0	1165252
стимулировать_v развитие_s	0.48202116323669175	8.0	1970426	3.0	1165252
лидировать_partcp позиция_s	0.48202116323669175	8.0	1970426	3.0	1165252
заниматься_v изучение_s	0.48202116323669175	8.0	1970426	3.0	1165252
получать_v право_s	0.45962900000921403	10.0	1970426	4.0	1165252
быть_v часть_s	0.4586208895477357	16.0	1970426	7.0	1165252
посвятить_partcp проблема_s	0.45226121621968973	12.0	1970426	5.0	1165252
быть_v необходимость_s	0.43840815422576185	7.0	1970426	6.0	1165252
являться_v объект_s	0.39982509093925467	10.0	1970426	8.0	1165252
нести_v ответственность_s	0.3975267327738541	29.0	1970426	14.0	1165252
решать_v вопрос_s	0.385299187311094	13.0	1970426	10.0	1165252
поставить_partcp задача_s	0.3612011876637182	25.0	1970426	12.0	1165252
рассмотреть_v вопрос_s	0.31602508098157056	6.0	1970426	5.0	1165252
быть_v сторонник_s	0.31602508098157056	6.0	1970426	5.0	1165252
рассматривать_v вопрос_s	0.31602508098157056	6.0	1970426	5.0	1165252
оказывать_v помощь_s	0.29137981234961474	9.0	1970426	7.0	1165252
создать_v условие_s	0.29137981234961474	9.0	1970426	7.0	1165252
являться_v член_s	0.28650016550468704	12.0	1970426	9.0	1165252
решать_v проблема_s	0.27496248468103346	15.0	1970426	7.0	1165252
привлекать_v внимание_s	0.259499314536515	13.0	1970426	6.0	1165252
иметь_v цель_s	0.259499314536515	13.0	1970426	6.0	1165252
являться_v продукт_s	0.2454208978751875	11.0	1970426	5.0	1165252
отдавать_v предпочтение_s	0.2454208978751875	11.0	1970426	5.0	1165252
наносить_v ущерб_s	0.23370015617253848	9.0	1970426	4.0	1165252
представлять_partcp интерес_s	0.23370015617253848	9.0	1970426	4.0	1165252
являться_v нарушение_s	0.23370015617253848	9.0	1970426	4.0	1165252
повысить_v уровень_s	0.23370015617253848	9.0	1970426	4.0	1165252
создавать_v трудность_s	0.22981450000460701	5.0	1970426	2.0	1165252
являться_v носитель_s	0.22981450000460701	5.0	1970426	2.0	1165252
означать_v наличие_s	0.22981450000460701	5.0	1970426	2.0	1165252
знаменовать_v себя_spro	0.22650141358194453	7.0	1970426	3.0	1165252
иметь_v доступ_s	0.22650141358194453	7.0	1970426	3.0	1165252
предоставлять_partcp услуга_s	0.22650141358194453	7.0	1970426	3.0	1165252
обсуждать_v вопрос_s	0.22650141358194453	7.0	1970426	3.0	1165252
появиться_v возможность_s	0.22650141358194453	7.0	1970426	3.0	1165252
быть_v дан_s	0.2102507518400305	22.0	1970426	11.0	1165252
сделать_v попытка_s	0.19991254546962733	5.0	1970426	4.0	1165252
носить_v название_s	0.19100011033646047	8.0	1970426	6.0	1165252
дать_v оценка_s	0.19100011033646047	8.0	1970426	6.0	1165252
иметь_v возможность_s	0.17689174894850002	54.0	1970426	29.0	1165252
представлять_v интерес_s	0.12532248593822737	23.0	1970426	12.0	1165252
позиционировать_v себя_spro	0.11581600517522639	10.0	1970426	7.0	1165252
быть_v вопрос_s	0.1146822282763802	12.0	1970426	6.0	1165252
возникнуть_v необходимость_s	0.10278125490643486	7.0	1970426	5.0	1165252
внести_v изменение_s	0.10278125490643486	7.0	1970426	5.0	1165252
создать_v система_s	0.10278125490643486	7.0	1970426	5.0	1165252
увидеть_v свет_s	0.09556852356365009	10.0	1970426	5.0	1165252
достигнуть_v уровень_s	0.07645481885092009	8.0	1970426	4.0	1165252
ставить_v цель_s	0.0573411141381901	6.0	1970426	3.0	1165252
делать_v ставка_s	0.0573411141381901	6.0	1970426	3.0	1165252
дать_v возможность_s	0.053726432786787015	17.0	1970426	11.0	1165252
увеличить_v количество_s	0.03417889527131035	6.0	1970426	4.0	1165252
наметиться_v тенденция_s	0.03417889527131035	6.0	1970426	4.0	1165252
отрицать_v существование_s	0.03417889527131035	6.0	1970426	4.0	1165252
сделать_v выбор_s	0.03417889527131035	6.0	1970426	4.0	1165252
решить_v проблема_s	0.0316621427619912	19.0	1970426	12.0	1165252
возникать_v вопрос_s	0.026796143562374475	25.0	1970426	14.0	1165252
быть_v член_s	0.025556910044115644	11.0	1970426	6.0	1165252
быть_v форма_s	0.025556910044115644	11.0	1970426	6.0	1165252
иметь_v отношение_s	0.02523709667750451	18.0	1970426	10.0	1165252
дать_v ответ_s	0.022871871742879635	11.0	1970426	7.0	1165252
обратить_v внимание_s	0.013196556985276553	88.0	1970426	51.0	1165252
увенчаться_v успех_s	0.012618548338752256	9.0	1970426	5.0	1165252
отвечать_v требование_s	0.012618548338752256	9.0	1970426	5.0	1165252
нарушать_v право_s	0.0030045208607923923	7.0	1970426	4.0	1165252
получить_partcp данные_s	0.0030045208607923923	7.0	1970426	4.0	1165252
задаться_v вопрос_s	0.0030045208607923923	7.0	1970426	4.0	1165252
делать_v вывод_s	0.0016577045258370782	24.0	1970426	14.0	1165252
мочь_v помочь_s	0.0008288522629185391	12.0	1970426	7.0	1165252
оставаться_v вопрос_s	0.0007860433642278564	10.0	1970426	6.0	1165252
подвергать_v сомнение_s	0.0003930216821139282	5.0	1970426	3.0	1165252
заниматься_v проблема_s	0.0003930216821139282	5.0	1970426	3.0	1165252
увеличивать_v объем_s	0.0003930216821139282	5.0	1970426	3.0	1165252
учитывать_v специфика_s	0.0003930216821139282	5.0	1970426	3.0	1165252
