ngram	g2	freq_corp	size_corp	freq_ref	size_ref
говориться_v в_pr	232.91020699050247	13.0	1970426	158.0	1165252
вести_v к_pr	131.54684155942408	281.0	1970426	27.0	1165252
вернуться_v в_pr	120.64278408023817	12.0	1970426	93.0	1165252
смотреть_v на_pr	118.92508459798557	10.0	1970426	88.0	1165252
приводить_v к_pr	115.06244292255406	335.0	1970426	49.0	1165252
состоять_v в_pr	100.28814556747278	309.0	1970426	48.0	1165252
заключаться_v в_pr	88.23303664844349	293.0	1970426	49.0	1165252
работать_v в_pr	87.2583792126609	38.0	1970426	112.0	1165252
подразделяться_v на_pr	85.49761217266736	102.0	1970426	1.0	1165252
зависеть_v от_pr	81.93987478417257	380.0	1970426	83.0	1165252
основываться_v на_pr	78.31284696733906	167.0	1970426	16.0	1165252
пройти_v в_pr	75.69992588663085	10.0	1970426	63.0	1165252
включать_v в_pr	68.41697982646559	202.0	1970426	30.0	1165252
основать_partcp на_pr	65.79035859066833	325.0	1970426	74.0	1165252
посмотреть_v на_pr	65.67216575164241	10.0	1970426	57.0	1165252
попадать_v в_pr	64.3939892528528	58.0	1970426	118.0	1165252
делиться_v на_pr	63.579629955372795	106.0	1970426	6.0	1165252
исходить_v из_pr	61.049731039773135	289.0	1970426	64.0	1165252
прийти_v в_pr	60.74660218643564	15.0	1970426	62.0	1165252
выражаться_v в_pr	60.02341985219395	119.0	1970426	10.0	1165252
провести_v в_pr	59.453463475209375	6.0	1970426	46.0	1165252
проявляться_v в_pr	58.168706226672526	150.0	1970426	19.0	1165252
опираться_v на_pr	56.972214557978454	181.0	1970426	29.0	1165252
осуществляться_v в_pr	55.48250709682731	109.0	1970426	9.0	1165252
привести_v к_pr	54.937566626521715	468.0	1970426	141.0	1165252
объявить_v о_pr	53.671389123743424	9.0	1970426	48.0	1165252
влиять_v на_pr	52.806361596572145	165.0	1970426	26.0	1165252
войти_v в_pr	52.64261540836482	64.0	1970426	114.0	1165252
влиять_partcp на_pr	51.9006263907843	77.0	1970426	3.0	1165252
выйти_v в_pr	50.7695816801357	14.0	1970426	54.0	1165252
возникать_partcp в_pr	48.42243376089888	61.0	1970426	1.0	1165252
входить_partcp в_pr	47.376830784988044	189.0	1970426	37.0	1165252
быть_v в_pr	45.538789689919966	181.0	1970426	212.0	1165252
относиться_partcp к_pr	44.67805211042395	152.0	1970426	26.0	1165252
уйти_v в_pr	44.65393377660741	10.0	1970426	44.0	1165252
подойти_v к_pr	43.983073455576594	9.0	1970426	42.0	1165252
закрепить_partcp в_pr	42.98270390484588	76.0	1970426	5.0	1165252
заявить_v о_pr	40.71538478118258	29.0	1970426	66.0	1165252
работать_v над_pr	40.15914631540743	8.0	1970426	38.0	1165252
приговорить_partcp к_pr	38.69362286839767	5.0	1970426	32.0	1165252
свидетельствовать_v о_pr	38.49260145728435	200.0	1970426	47.0	1165252
пойти_v на_pr	38.33009539911085	38.0	1970426	74.0	1165252
использоваться_v в_pr	38.08004557106101	126.0	1970426	21.0	1165252
быть_v на_pr	36.90935643882235	43.0	1970426	78.0	1165252
стоять_v на_pr	36.703774047207155	24.0	1970426	57.0	1165252
представить_partcp в_pr	35.549470149077	151.0	1970426	31.0	1165252
рассказывать_v о_pr	35.39787756072016	10.0	1970426	38.0	1165252
влечь_v за_pr	35.34971835167842	62.0	1970426	4.0	1165252
включаться_v в_pr	34.94126813264391	70.0	1970426	6.0	1165252
выйти_v на_pr	33.65336512428335	27.0	1970426	58.0	1165252
отнести_partcp к_pr	33.43190527815534	55.0	1970426	3.0	1165252
играть_v в_pr	33.113862080764136	23.0	1970426	53.0	1165252
отличаться_v от_pr	32.93076747546237	199.0	1970426	51.0	1165252
работать_v на_pr	32.58712803287677	26.0	1970426	56.0	1165252
находиться_partcp в_pr	32.38705842941019	235.0	1970426	66.0	1165252
базироваться_v на_pr	32.1694276772395	74.0	1970426	8.0	1165252
использовать_partcp в_pr	32.07401861754245	104.0	1970426	17.0	1165252
следить_v за_pr	32.05219046316651	17.0	1970426	45.0	1165252
умереть_v в_pr	32.00913976986502	5.0	1970426	28.0	1165252
выйти_v из_pr	31.915062122253303	32.0	1970426	62.0	1165252
познакомиться_v с_pr	30.9119184175677	10.0	1970426	35.0	1165252
работать_v с_pr	30.809459594151978	13.0	1970426	39.0	1165252
использоваться_v для_pr	30.789482731610676	105.0	1970426	18.0	1165252
жить_v в_pr	30.50592069071312	46.0	1970426	75.0	1165252
иметься_partcp в_pr	30.39594063871799	60.0	1970426	5.0	1165252
остаться_v в_pr	30.395006567155182	14.0	1970426	40.0	1165252
существовать_v в_pr	30.303730387550935	75.0	1970426	9.0	1165252
ориентировать_partcp на_pr	30.178141415401363	104.0	1970426	18.0	1165252
говорить_v о_pr	30.126646831332096	295.0	1970426	277.0	1165252
относиться_v к_pr	30.08894648957802	327.0	1970426	108.0	1165252
сотрудничать_v с_pr	29.44118998971789	10.0	1970426	34.0	1165252
возникать_v в_pr	29.295742112753857	70.0	1970426	8.0	1165252
состояться_v в_pr	28.4395011638326	12.0	1970426	36.0	1165252
говорить_v с_pr	27.73698768990641	6.0	1970426	27.0	1165252
включать_partcp в_pr	27.41841037606992	60.0	1970426	6.0	1165252
бороться_v с_pr	26.540579759982215	10.0	1970426	32.0	1165252
ориентироваться_v на_pr	26.35366774517626	76.0	1970426	11.0	1165252
сложиться_partcp в_pr	26.1692821385949	62.0	1970426	7.0	1165252
начаться_v в_pr	25.50163148910014	26.0	1970426	50.0	1165252
готовиться_v к_pr	25.300800817562962	13.0	1970426	35.0	1165252
верить_v в_pr	24.98672592496075	14.0	1970426	36.0	1165252
направить_partcp на_pr	24.522495643981784	178.0	1970426	50.0	1165252
возложить_partcp на_pr	24.4894492287114	56.0	1970426	6.0	1165252
выступать_v за_pr	24.4691826981381	16.0	1970426	38.0	1165252
содержаться_partcp в_pr	24.146704299297188	88.0	1970426	16.0	1165252
назначить_partcp на_pr	23.671821896341367	14.0	1970426	35.0	1165252
принадлежать_partcp к_pr	23.589041632928307	51.0	1970426	5.0	1165252
возникнуть_partcp в_pr	23.549270907914597	47.0	1970426	4.0	1165252
превращаться_v в_pr	23.54602917380342	123.0	1970426	29.0	1165252
формироваться_v в_pr	23.3876825432832	38.0	1970426	2.0	1165252
думать_v о_pr	23.20007819501049	16.0	1970426	37.0	1165252
остаться_v на_pr	23.066588663397546	6.0	1970426	24.0	1165252
находиться_v на_pr	23.024299752399763	51.0	1970426	72.0	1165252
создаваться_v в_pr	22.751536773926237	32.0	1970426	1.0	1165252
понимать_v под_pr	22.751536773926237	32.0	1970426	1.0	1165252
распространяться_v на_pr	22.6361693343511	57.0	1970426	7.0	1165252
отмечаться_v в_pr	22.37324934165365	14.0	1970426	34.0	1165252
проходить_v в_pr	22.179580193949313	25.0	1970426	46.0	1165252
заимствовать_partcp из_pr	22.132187453624528	41.0	1970426	3.0	1165252
быть_v у_pr	22.106608600847288	27.0	1970426	48.0	1165252
вернуться_v к_pr	22.07170184848922	32.0	1970426	53.0	1165252
связать_partcp с_pr	22.051223165323933	165.0	1970426	47.0	1165252
зависеть_partcp от_pr	21.378996734311414	48.0	1970426	5.0	1165252
вытекать_v из_pr	21.3459208369118	40.0	1970426	3.0	1165252
отвечать_v на_pr	21.016425832353644	30.0	1970426	50.0	1165252
сформулировать_partcp в_pr	20.920355568074168	35.0	1970426	2.0	1165252
строиться_v на_pr	20.90713706053358	51.0	1970426	6.0	1165252
общаться_v с_pr	20.582268903586623	11.0	1970426	29.0	1165252
возвращаться_v в_pr	19.934638258327087	9.0	1970426	26.0	1165252
справиться_v с_pr	19.56591468510572	10.0	1970426	27.0	1165252
распадаться_v на_pr	19.29746723718738	28.0	1970426	1.0	1165252
формироваться_v на_pr	19.29746723718738	28.0	1970426	1.0	1165252
подняться_v на_pr	19.22215721949795	5.0	1970426	20.0	1165252
указать_partcp в_pr	19.019748408064817	41.0	1970426	4.0	1165252
сказываться_v на_pr	19.008769730295995	37.0	1970426	3.0	1165252
опираться_partcp на_pr	18.986790371133683	55.0	1970426	8.0	1165252
держать_v в_pr	18.959667442555066	8.0	1970426	24.0	1165252
пойти_v по_pr	18.959667442555066	8.0	1970426	24.0	1165252
отправить_partcp в_pr	18.547151050540613	6.0	1970426	21.0	1165252
быть_v с_pr	17.96639357382331	20.0	1970426	37.0	1165252
отказаться_v от_pr	17.916280645190703	89.0	1970426	98.0	1165252
вносить_v в_pr	17.67485917583921	31.0	1970426	2.0	1165252
проявляться_partcp в_pr	17.584619397004758	26.0	1970426	1.0	1165252
дойти_v до_pr	17.56589252768638	8.0	1970426	23.0	1165252
применяться_v в_pr	17.54267884363642	39.0	1970426	4.0	1165252
получить_v от_pr	17.521747211804378	13.0	1970426	29.0	1165252
вовлечь_partcp в_pr	17.42847224414439	46.0	1970426	6.0	1165252
сводиться_v к_pr	17.10634505001962	97.0	1970426	24.0	1165252
относить_v к_pr	17.06986803132628	42.0	1970426	5.0	1165252
осуществляться_v на_pr	17.035540853006385	52.0	1970426	8.0	1165252
воздействовать_v на_pr	16.943525043614997	55.0	1970426	9.0	1165252
стоять_v в_pr	16.908444211672403	10.0	1970426	25.0	1165252
наблюдать_v за_pr	16.589709012235687	7.0	1970426	21.0	1165252
заложить_partcp в_pr	16.346363801742616	63.0	1970426	12.0	1165252
присоединиться_v к_pr	16.293564016438385	13.0	1970426	28.0	1165252
делаться_v на_pr	15.883200174942827	24.0	1970426	1.0	1165252
перейти_v в_pr	15.836042441781697	18.0	1970426	33.0	1165252
столкнуться_v с_pr	15.759779354163385	22.0	1970426	37.0	1165252
учиться_v в_pr	15.637657211282082	6.0	1970426	19.0	1165252
принять_v в_pr	15.613269363312124	10.0	1970426	24.0	1165252
пойти_v в_pr	15.400630400009677	11.0	1970426	25.0	1165252
вытекать_partcp из_pr	15.400057300716073	43.0	1970426	6.0	1165252
разработать_partcp в_pr	15.197977442486867	32.0	1970426	3.0	1165252
определяться_v в_pr	15.037366326455974	23.0	1970426	1.0	1165252
возлагаться_v на_pr	15.037366326455974	23.0	1970426	1.0	1165252
идти_v к_pr	14.8475173341696	8.0	1970426	21.0	1165252
зайти_v в_pr	14.720594994858946	5.0	1970426	17.0	1165252
осуществляться_v по_pr	14.647871056376928	35.0	1970426	4.0	1165252
говорить_partcp на_pr	14.499435945590413	54.0	1970426	10.0	1165252
приводить_partcp к_pr	14.492418934626135	27.0	1970426	2.0	1165252
объединить_partcp в_pr	14.492418934626135	27.0	1970426	2.0	1165252
закрепить_partcp за_pr	14.492418934626135	27.0	1970426	2.0	1165252
действовать_partcp в_pr	14.482011164370366	51.0	1970426	9.0	1165252
функционировать_v в_pr	14.195158954206496	22.0	1970426	1.0	1165252
сочетаться_v с_pr	14.075888852448863	41.0	1970426	6.0	1165252
использовать_partcp для_pr	13.939132587036582	75.0	1970426	18.0	1165252
лежать_partcp в_pr	13.88083494384593	50.0	1970426	9.0	1165252
складываться_partcp в_pr	13.70876240567851	26.0	1970426	2.0	1165252
базироваться_partcp на_pr	13.70876240567851	26.0	1970426	2.0	1165252
перейти_v на_pr	13.66560442350572	20.0	1970426	33.0	1165252
реализоваться_v в_pr	13.617215699963545	37.0	1970426	5.0	1165252
вступить_partcp в_pr	13.423010484324303	40.0	1970426	6.0	1165252
служить_v для_pr	13.409419559700268	55.0	1970426	11.0	1165252
различаться_v по_pr	13.35690806456436	21.0	1970426	1.0	1165252
принимать_v во_pr	13.332493951093891	52.0	1970426	10.0	1165252
прийти_v на_pr	13.287001610065337	9.0	1970426	21.0	1165252
перерасти_v в_pr	13.270289879991108	5.0	1970426	16.0	1165252
вступить_v в_pr	12.957570425846669	72.0	1970426	77.0	1165252
наблюдаться_v в_pr	12.671883651348915	45.0	1970426	8.0	1165252
формироваться_v под_pr	12.522990874487373	20.0	1970426	1.0	1165252
определяться_v по_pr	12.522990874487373	20.0	1970426	1.0	1165252
сослаться_v на_pr	12.493362962480376	7.0	1970426	18.0	1165252
обратиться_v в_pr	12.421582718989708	31.0	1970426	42.0	1165252
использоваться_v при_pr	12.2447246143557	28.0	1970426	3.0	1165252
потребовать_v от_pr	12.23459134906905	8.0	1970426	19.0	1165252
произойти_v в_pr	12.180371362631163	44.0	1970426	53.0	1165252
свести_v к_pr	12.158376255487198	24.0	1970426	2.0	1165252
направить_partcp в_pr	12.035218836343422	9.0	1970426	20.0	1165252
выступать_v на_pr	12.035218836343422	9.0	1970426	20.0	1165252
сложиться_v в_pr	11.84739227911053	31.0	1970426	4.0	1165252
идти_v по_pr	11.802552360301043	23.0	1970426	34.0	1165252
прийти_v к_pr	11.764858500473416	68.0	1970426	72.0	1165252
выступить_v с_pr	11.557585430281534	31.0	1970426	41.0	1165252
связываться_v с_pr	11.539545638391177	46.0	1970426	9.0	1165252
претендовать_v на_pr	11.508707876774118	57.0	1970426	13.0	1165252
указывать_partcp на_pr	11.4818151978402	43.0	1970426	8.0	1165252
специализироваться_v на_pr	11.392563753998733	23.0	1970426	2.0	1165252
осуществлять_v в_pr	11.392563753998733	23.0	1970426	2.0	1165252
иметься_partcp у_pr	11.392563753998733	23.0	1970426	2.0	1165252
существовать_partcp в_pr	11.367237489934272	62.0	1970426	15.0	1165252
восходить_v к_pr	10.971343276118388	45.0	1970426	9.0	1165252
объединяться_v в_pr	10.80795793805493	26.0	1970426	3.0	1165252
оказаться_v на_pr	10.69738485489355	10.0	1970426	20.0	1165252
выходить_v из_pr	10.547043452646744	17.0	1970426	27.0	1165252
писать_v в_pr	10.507905512292082	14.0	1970426	24.0	1165252
видеть_v на_pr	10.462684989581145	5.0	1970426	14.0	1165252
возникнуть_v в_pr	10.410549862778321	44.0	1970426	9.0	1165252
приходиться_v на_pr	10.320957418516915	41.0	1970426	8.0	1165252
появляться_v в_pr	10.315123523503697	27.0	1970426	36.0	1165252
применять_partcp в_pr	10.263160910536875	35.0	1970426	6.0	1165252
выпустить_partcp в_pr	10.145066527003442	6.0	1970426	15.0	1165252
колебаться_v от_pr	10.10124346251698	25.0	1970426	3.0	1165252
предложить_partcp в_pr	10.05193879665594	17.0	1970426	1.0	1165252
учитывать_v при_pr	10.05193879665594	17.0	1970426	1.0	1165252
преобразоваться_v в_pr	10.05193879665594	17.0	1970426	1.0	1165252
выразиться_v в_pr	10.05193879665594	17.0	1970426	1.0	1165252
выполнять_v в_pr	10.05193879665594	17.0	1970426	1.0	1165252
составить_v в_pr	10.05193879665594	17.0	1970426	1.0	1165252
сформироваться_partcp в_pr	9.882446893840775	21.0	1970426	2.0	1165252
отразить_partcp в_pr	9.882446893840775	21.0	1970426	2.0	1165252
свести_partcp к_pr	9.82333076221436	28.0	1970426	4.0	1165252
осуществлять_partcp в_pr	9.82333076221436	28.0	1970426	4.0	1165252
обнаружить_partcp в_pr	9.746931175456158	8.0	1970426	17.0	1165252
приходить_v в_pr	9.732552759570549	20.0	1970426	29.0	1165252
складываться_v из_pr	9.692233341923062	31.0	1970426	5.0	1165252
нацелить_partcp на_pr	9.6187346192543	48.0	1970426	11.0	1165252
быть_v для_pr	9.60942805571052	18.0	1970426	27.0	1165252
рассказать_v о_pr	9.566549032307364	35.0	1970426	42.0	1165252
производиться_v в_pr	9.403106570150992	24.0	1970426	3.0	1165252
использовать_partcp при_pr	9.403106570150992	24.0	1970426	3.0	1165252
осуществлять_partcp на_pr	9.240462485533177	16.0	1970426	1.0	1165252
применяться_v к_pr	9.240462485533177	16.0	1970426	1.0	1165252
выходить_v на_pr	9.168998687558833	24.0	1970426	32.0	1165252
унаследовать_partcp от_pr	9.139470125356642	20.0	1970426	2.0	1165252
состоять_v из_pr	9.114759724230524	177.0	1970426	69.0	1165252
воздержаться_v от_pr	8.85800107337689	6.0	1970426	14.0	1165252
содержать_v в_pr	8.775839907729917	41.0	1970426	9.0	1165252
взглянуть_v на_pr	8.738532893340365	19.0	1970426	27.0	1165252
заключаться_partcp в_pr	8.714236122072196	23.0	1970426	3.0	1165252
происходить_v по_pr	8.714236122072196	23.0	1970426	3.0	1165252
проживать_v в_pr	8.679960730894035	7.0	1970426	15.0	1165252
найти_partcp в_pr	8.679960730894035	7.0	1970426	15.0	1165252
выходить_v в_pr	8.55790788391484	8.0	1970426	16.0	1165252
попадать_v под_pr	8.55790788391484	8.0	1970426	16.0	1165252
вырасти_v на_pr	8.534005781523135	26.0	1970426	33.0	1165252
меняться_v в_pr	8.517770426503192	26.0	1970426	4.0	1165252
состоять_partcp в_pr	8.517770426503192	26.0	1970426	4.0	1165252
иметь_partcp в_pr	8.517770426503192	26.0	1970426	4.0	1165252
сохраняться_v в_pr	8.517770426503192	26.0	1970426	4.0	1165252
увидеть_v в_pr	8.491331611394019	15.0	1970426	23.0	1165252
отражаться_v в_pr	8.464681782303366	32.0	1970426	6.0	1165252
отнести_v к_pr	8.45065007553045	29.0	1970426	5.0	1165252
ориентироваться_partcp на_pr	8.436352681929831	15.0	1970426	1.0	1165252
проходить_partcp в_pr	8.430235342890503	10.0	1970426	18.0	1165252
являться_v по_pr	8.405594643668874	19.0	1970426	2.0	1165252
использовать_partcp на_pr	8.405594643668874	19.0	1970426	2.0	1165252
действовать_v в_pr	8.310685218836593	48.0	1970426	12.0	1165252
взять_v на_pr	8.203585050062006	36.0	1970426	41.0	1165252
рассматриваться_v в_pr	8.105516736258766	45.0	1970426	11.0	1165252
употребляться_v в_pr	8.035407559569242	22.0	1970426	3.0	1165252
проявиться_v в_pr	7.880035142074994	25.0	1970426	4.0	1165252
страдать_v от_pr	7.806634681656062	5.0	1970426	12.0	1165252
протекать_v в_pr	7.6817568505952	18.0	1970426	2.0	1165252
находиться_v в_pr	7.673832320655748	275.0	1970426	210.0	1165252
отличать_v от_pr	7.640593645462475	14.0	1970426	1.0	1165252
ставиться_v в_pr	7.640593645462475	14.0	1970426	1.0	1165252
приспособить_partcp для_pr	7.640593645462475	14.0	1970426	1.0	1165252
выступать_v в_pr	7.633210123975818	91.0	1970426	31.0	1165252
идти_v в_pr	7.615690192387426	25.0	1970426	31.0	1165252
происходить_v из_pr	7.6138727799728905	6.0	1970426	13.0	1165252
встать_v на_pr	7.600595742328602	16.0	1970426	23.0	1165252
участвовать_partcp в_pr	7.541005111402555	75.0	1970426	24.0	1165252
содержаться_v в_pr	7.5245936651602925	61.0	1970426	18.0	1165252
отстранить_partcp от_pr	7.488169398425486	7.0	1970426	14.0	1165252
идти_v с_pr	7.488169398425486	7.0	1970426	14.0	1165252
предназначить_partcp для_pr	7.423910729283316	33.0	1970426	7.0	1165252
вмешиваться_v в_pr	7.423910729283316	33.0	1970426	7.0	1165252
остаться_v без_pr	7.3688695336157615	9.0	1970426	16.0	1165252
предназначаться_v для_pr	7.3688695336157615	9.0	1970426	16.0	1165252
договориться_v о_pr	7.3688695336157615	9.0	1970426	16.0	1165252
разместить_partcp на_pr	7.3688695336157615	9.0	1970426	16.0	1165252
поставить_v на_pr	7.3688695336157615	9.0	1970426	16.0	1165252
сосредоточить_partcp в_pr	7.367498071660771	21.0	1970426	3.0	1165252
лежать_v на_pr	7.361715226404664	11.0	1970426	18.0	1165252
происходить_partcp в_pr	7.183781841269681	53.0	1970426	15.0	1165252
использоваться_v на_pr	6.969045686844533	17.0	1970426	2.0	1165252
осуществляться_v через_pr	6.969045686844533	17.0	1970426	2.0	1165252
возникать_partcp при_pr	6.969045686844533	17.0	1970426	2.0	1165252
соотноситься_v с_pr	6.884866071445604	32.0	1970426	7.0	1165252
стоять_partcp перед_pr	6.884866071445604	32.0	1970426	7.0	1165252
нуждаться_partcp в_pr	6.7115052421621515	20.0	1970426	3.0	1165252
знать_v о_pr	6.695173924249103	16.0	1970426	22.0	1165252
быть_v до_pr	6.549169582534933	5.0	1970426	11.0	1165252
находиться_v под_pr	6.54559865612449	34.0	1970426	37.0	1165252
забывать_v о_pr	6.418430912936131	6.0	1970426	12.0	1165252
объявить_partcp в_pr	6.418430912936131	6.0	1970426	12.0	1165252
составить_v около_pr	6.3574751174465405	11.0	1970426	17.0	1165252
привести_v в_pr	6.3574751174465405	11.0	1970426	17.0	1165252
подписать_partcp в_pr	6.344082813410703	7.0	1970426	13.0	1165252
выступить_v против_pr	6.322491578972688	10.0	1970426	16.0	1165252
рассуждать_v о_pr	6.309757726381335	8.0	1970426	14.0	1165252
делать_v в_pr	6.304927749706094	9.0	1970426	15.0	1165252
возлагать_v на_pr	6.268737713433998	16.0	1970426	2.0	1165252
возникать_v при_pr	6.268737713433998	16.0	1970426	2.0	1165252
стремиться_v к_pr	6.222050955373415	78.0	1970426	27.0	1165252
оказаться_v в_pr	6.101303099415077	49.0	1970426	48.0	1165252
развиваться_v на_pr	6.079188127743599	12.0	1970426	1.0	1165252
обращаться_v на_pr	6.079188127743599	12.0	1970426	1.0	1165252
строиться_v по_pr	6.079188127743599	12.0	1970426	1.0	1165252
ориентироваться_v в_pr	6.079188127743599	12.0	1970426	1.0	1165252
приводиться_v в_pr	6.068570182067239	19.0	1970426	3.0	1165252
приниматься_v в_pr	6.068570182067239	19.0	1970426	3.0	1165252
вестись_v в_pr	6.036676074824297	22.0	1970426	4.0	1165252
получить_partcp в_pr	6.007338656230743	43.0	1970426	12.0	1165252
произвести_partcp в_pr	5.841111431962261	30.0	1970426	7.0	1165252
обращаться_v к_pr	5.833438658784946	63.0	1970426	58.0	1165252
проникнуть_v в_pr	5.730624179724272	15.0	1970426	20.0	1165252
заботиться_v о_pr	5.730624179724272	15.0	1970426	20.0	1165252
увеличиться_v в_pr	5.6738672935972865	27.0	1970426	6.0	1165252
исключить_partcp из_pr	5.6738672935972865	27.0	1970426	6.0	1165252
построить_partcp в_pr	5.637971486274962	14.0	1970426	19.0	1165252
обжаловать_partcp в_pr	5.582342909942885	15.0	1970426	2.0	1165252
отсутствовать_v в_pr	5.582342909942885	15.0	1970426	2.0	1165252
утвердить_partcp в_pr	5.582342909942885	15.0	1970426	2.0	1165252
вызвать_v к_pr	5.440006510151567	18.0	1970426	3.0	1165252
взаимодействовать_v с_pr	5.440006510151567	18.0	1970426	3.0	1165252
получать_v в_pr	5.440006510151567	18.0	1970426	3.0	1165252
служить_v в_pr	5.399506244774216	11.0	1970426	16.0	1165252
освобождаться_v от_pr	5.337797327046127	29.0	1970426	7.0	1165252
работать_partcp по_pr	5.316856922248701	11.0	1970426	1.0	1165252
складываться_v под_pr	5.316856922248701	11.0	1970426	1.0	1165252
выделять_v в_pr	5.316856922248701	11.0	1970426	1.0	1165252
различаться_partcp по_pr	5.316856922248701	11.0	1970426	1.0	1165252
работать_v по_pr	5.291060777815918	9.0	1970426	14.0	1165252
сделать_v для_pr	5.278680813927236	6.0	1970426	11.0	1165252
отойти_v от_pr	5.278680813927236	6.0	1970426	11.0	1165252
сделать_v в_pr	5.278680813927236	6.0	1970426	11.0	1165252
развиваться_v в_pr	5.267491844544292	46.0	1970426	14.0	1165252
построить_partcp на_pr	5.267491844544292	46.0	1970426	14.0	1165252
произойти_v на_pr	5.253952756146041	7.0	1970426	12.0	1165252
возвращаться_v к_pr	5.230292529398433	18.0	1970426	22.0	1165252
находиться_partcp на_pr	5.200395543618697	77.0	1970426	28.0	1165252
увеличиться_v на_pr	5.115038166328695	17.0	1970426	21.0	1165252
иметь_v в_pr	5.105468506556555	57.0	1970426	19.0	1165252
привязать_partcp к_pr	5.063922331221791	31.0	1970426	8.0	1165252
создаваться_v для_pr	4.91166538110718	14.0	1970426	2.0	1165252
различаться_v в_pr	4.91166538110718	14.0	1970426	2.0	1165252
господствовать_partcp в_pr	4.91166538110718	14.0	1970426	2.0	1165252
распределяться_v по_pr	4.91166538110718	14.0	1970426	2.0	1165252
привести_partcp в_pr	4.899101764985646	38.0	1970426	11.0	1165252
повлечь_v за_pr	4.899101764985646	38.0	1970426	11.0	1165252
стремиться_partcp к_pr	4.876152567163734	20.0	1970426	4.0	1165252
получить_partcp от_pr	4.84789971098802	28.0	1970426	7.0	1165252
дать_partcp в_pr	4.827337054790116	17.0	1970426	3.0	1165252
направляться_v на_pr	4.827337054790116	17.0	1970426	3.0	1165252
подходить_v к_pr	4.8080201864220165	26.0	1970426	28.0	1165252
привлечь_v к_pr	4.682454702434425	13.0	1970426	17.0	1165252
вступать_v в_pr	4.682451869687537	90.0	1970426	35.0	1165252
разделить_v на_pr	4.646377529012194	25.0	1970426	6.0	1165252
доходить_v до_pr	4.584499343779417	12.0	1970426	16.0	1165252
упоминаться_v в_pr	4.584499343779417	12.0	1970426	16.0	1165252
состоять_partcp на_pr	4.569735062678321	10.0	1970426	1.0	1165252
отсылать_v к_pr	4.569735062678321	10.0	1970426	1.0	1165252
доминировать_partcp в_pr	4.569735062678321	10.0	1970426	1.0	1165252
усматривать_v в_pr	4.569735062678321	10.0	1970426	1.0	1165252
руководствоваться_v в_pr	4.569735062678321	10.0	1970426	1.0	1165252
распределить_partcp по_pr	4.569735062678321	10.0	1970426	1.0	1165252
совершаться_v в_pr	4.569735062678321	10.0	1970426	1.0	1165252
получить_partcp на_pr	4.569735062678321	10.0	1970426	1.0	1165252
приступить_v к_pr	4.566613444233322	29.0	1970426	30.0	1165252
происходить_v от_pr	4.333188735552003	9.0	1970426	13.0	1165252
определить_partcp в_pr	4.258885213251596	13.0	1970426	2.0	1165252
приспосабливаться_v к_pr	4.258885213251596	13.0	1970426	2.0	1165252
сократиться_v в_pr	4.232340891151683	16.0	1970426	3.0	1165252
следовать_partcp за_pr	4.232340891151683	16.0	1970426	3.0	1165252
воздействовать_partcp на_pr	4.232340891151683	16.0	1970426	3.0	1165252
оставить_v в_pr	4.225370994849374	7.0	1970426	11.0	1165252
действовать_v с_pr	4.225370994849374	7.0	1970426	11.0	1165252
мечтать_v о_pr	4.215117671445252	5.0	1970426	9.0	1165252
перенести_partcp в_pr	4.215117671445252	5.0	1970426	9.0	1165252
объявить_partcp о_pr	4.203285166470729	6.0	1970426	10.0	1165252
храниться_v в_pr	4.099949585274585	15.0	1970426	18.0	1165252
участвовать_v в_pr	4.014586745120013	156.0	1970426	118.0	1165252
оцениваться_v в_pr	3.9812041705469596	14.0	1970426	17.0	1165252
бороться_v за_pr	3.9812041705469596	14.0	1970426	17.0	1165252
согласоваться_v с_pr	3.9553995276006706	21.0	1970426	5.0	1165252
находиться_partcp под_pr	3.911949743294933	26.0	1970426	7.0	1165252
исключаться_v из_pr	3.8408784252976	9.0	1970426	1.0	1165252
даваться_v в_pr	3.8408784252976	9.0	1970426	1.0	1165252
учитываться_v в_pr	3.8408784252976	9.0	1970426	1.0	1165252
применять_partcp при_pr	3.8408784252976	9.0	1970426	1.0	1165252
возникнуть_v на_pr	3.8408784252976	9.0	1970426	1.0	1165252
сочетать_partcp в_pr	3.8408784252976	9.0	1970426	1.0	1165252
пересекаться_v с_pr	3.8408784252976	9.0	1970426	1.0	1165252
поставить_partcp под_pr	3.8408784252976	9.0	1970426	1.0	1165252
предоставлять_partcp в_pr	3.8408784252976	9.0	1970426	1.0	1165252
проводить_partcp в_pr	3.782578195731525	18.0	1970426	4.0	1165252
переходить_v от_pr	3.782578195731525	18.0	1970426	4.0	1165252
распространить_partcp в_pr	3.782578195731525	18.0	1970426	4.0	1165252
трансформироваться_v в_pr	3.782578195731525	18.0	1970426	4.0	1165252
складываться_v в_pr	3.717039118521658	28.0	1970426	8.0	1165252
реализовать_partcp в_pr	3.680986134736628	23.0	1970426	6.0	1165252
нуждаться_v в_pr	3.664684642230629	82.0	1970426	33.0	1165252
начаться_partcp в_pr	3.657114425372802	15.0	1970426	3.0	1165252
обращаться_v с_pr	3.6420396991289516	11.0	1970426	14.0	1165252
интегрировать_partcp в_pr	3.6266710067677117	12.0	1970426	2.0	1165252
перейти_v от_pr	3.6266710067677117	12.0	1970426	2.0	1165252
пользоваться_v в_pr	3.6266710067677117	12.0	1970426	2.0	1165252
получать_partcp в_pr	3.6266710067677117	12.0	1970426	2.0	1165252
возникать_partcp на_pr	3.6266710067677117	12.0	1970426	2.0	1165252
оказывать_v на_pr	3.6266710067677117	12.0	1970426	2.0	1165252
оказываться_v в_pr	3.5851675355774066	37.0	1970426	12.0	1165252
сопрячь_partcp с_pr	3.5581610588232486	30.0	1970426	9.0	1165252
являться_v в_pr	3.5581610588232486	30.0	1970426	9.0	1165252
встречаться_v в_pr	3.4988911410848598	50.0	1970426	18.0	1165252
уходить_v в_pr	3.4815719426937832	21.0	1970426	22.0	1165252
отставать_v от_pr	3.467930975958108	25.0	1970426	7.0	1165252
выразить_partcp в_pr	3.4627855078485856	20.0	1970426	5.0	1165252
действовать_partcp на_pr	3.4627855078485856	20.0	1970426	5.0	1165252
приблизиться_v к_pr	3.43837450783456	9.0	1970426	12.0	1165252
отреагировать_v на_pr	3.43837450783456	9.0	1970426	12.0	1165252
направить_partcp против_pr	3.43837450783456	9.0	1970426	12.0	1165252
появиться_v в_pr	3.424297206914188	41.0	1970426	37.0	1165252
знать_v об_pr	3.3475869621245513	8.0	1970426	11.0	1165252
работать_partcp на_pr	3.3462880137340427	20.0	1970426	21.0	1165252
свидетельствовать_partcp о_pr	3.3170691902519565	34.0	1970426	11.0	1165252
располагаться_v в_pr	3.2676903475051002	7.0	1970426	10.0	1165252
жить_v по_pr	3.2676903475051002	7.0	1970426	10.0	1165252
отражаться_v на_pr	3.224634407930723	22.0	1970426	6.0	1165252
сосредоточиться_v на_pr	3.203142685236841	6.0	1970426	9.0	1165252
отмечать_v в_pr	3.203142685236841	6.0	1970426	9.0	1165252
превратиться_v в_pr	3.176708575247954	83.0	1970426	66.0	1165252
происходить_v в_pr	3.1653359455856034	94.0	1970426	40.0	1165252
свидетельствовать_v об_pr	3.161545245981525	29.0	1970426	9.0	1165252
переходить_v к_pr	3.1458959184048645	38.0	1970426	13.0	1165252
составлять_v около_pr	3.1376296631571314	23.0	1970426	23.0	1165252
проистекать_v из_pr	3.134368856716999	8.0	1970426	1.0	1165252
оторвать_partcp от_pr	3.134368856716999	8.0	1970426	1.0	1165252
проводиться_v с_pr	3.134368856716999	8.0	1970426	1.0	1165252
призывать_partcp к_pr	3.134368856716999	8.0	1970426	1.0	1165252
употребить_partcp в_pr	3.134368856716999	8.0	1970426	1.0	1165252
преобладать_v над_pr	3.134368856716999	8.0	1970426	1.0	1165252
рассматривать_partcp в_pr	3.134368856716999	8.0	1970426	1.0	1165252
вкладываться_v в_pr	3.134368856716999	8.0	1970426	1.0	1165252
рассчитывать_v на_pr	3.108651700472853	27.0	1970426	26.0	1165252
передаваться_v в_pr	3.1041518966493262	14.0	1970426	3.0	1165252
функционировать_partcp в_pr	3.1041518966493262	14.0	1970426	3.0	1165252
поставить_v под_pr	3.0490906366077404	31.0	1970426	10.0	1165252
иметься_v в_pr	3.0414233791179006	24.0	1970426	7.0	1165252
сказаться_v на_pr	3.0414233791179006	24.0	1970426	7.0	1165252
совпадать_v с_pr	3.0187378761050603	61.0	1970426	24.0	1165252
освобождать_v от_pr	3.0183380374121485	11.0	1970426	2.0	1165252
рассмотреть_partcp в_pr	3.0183380374121485	11.0	1970426	2.0	1165252
создаваться_v на_pr	3.0183380374121485	11.0	1970426	2.0	1165252
соотнести_partcp с_pr	3.0183380374121485	11.0	1970426	2.0	1165252
составлять_v в_pr	2.990191849487333	19.0	1970426	5.0	1165252
присутствовать_v в_pr	2.990191849487333	19.0	1970426	5.0	1165252
проводить_v в_pr	2.978065870004775	12.0	1970426	14.0	1165252
вести_partcp к_pr	2.897071798298267	26.0	1970426	8.0	1165252
жить_partcp в_pr	2.8373548744237205	25.0	1970426	24.0	1165252
сохраниться_v в_pr	2.7877793388912417	21.0	1970426	6.0	1165252
осуществить_partcp в_pr	2.7812709688751704	28.0	1970426	9.0	1165252
отождествляться_v с_pr	2.7702284062788625	16.0	1970426	4.0	1165252
обратиться_v к_pr	2.7581914445249502	76.0	1970426	60.0	1165252
использовать_v в_pr	2.756357217142181	39.0	1970426	14.0	1165252
ознакомиться_v с_pr	2.733299723516393	10.0	1970426	12.0	1165252
обойтись_v без_pr	2.733299723516393	10.0	1970426	12.0	1165252
провести_partcp в_pr	2.7324331171107765	32.0	1970426	29.0	1165252
выступать_v против_pr	2.7283736201366366	20.0	1970426	20.0	1165252
мочь_v в_pr	2.7091112812918716	41.0	1970426	15.0	1165252
говорить_v на_pr	2.706770624868774	28.0	1970426	26.0	1165252
принять_partcp в_pr	2.633745922272146	23.0	1970426	7.0	1165252
присоединяться_v к_pr	2.6151462646992165	9.0	1970426	11.0	1165252
производить_partcp в_pr	2.576453236425391	13.0	1970426	3.0	1165252
поставить_partcp перед_pr	2.576453236425391	13.0	1970426	3.0	1165252
нести_v на_pr	2.576453236425391	13.0	1970426	3.0	1165252
снизиться_v до_pr	2.576453236425391	13.0	1970426	3.0	1165252
развиваться_v по_pr	2.576453236425391	13.0	1970426	3.0	1165252
конкурировать_v с_pr	2.576453236425391	13.0	1970426	3.0	1165252
выделить_v в_pr	2.576453236425391	13.0	1970426	3.0	1165252
претендовать_partcp на_pr	2.539552538150036	18.0	1970426	5.0	1165252
происходить_v на_pr	2.513668370467518	25.0	1970426	8.0	1165252
отметить_partcp в_pr	2.5010746524925036	8.0	1970426	10.0	1165252
принять_v во_pr	2.5010746524925036	8.0	1970426	10.0	1165252
написать_partcp на_pr	2.5010746524925036	8.0	1970426	10.0	1165252
закрепляться_v в_pr	2.45583269055359	7.0	1970426	1.0	1165252
отклоняться_v от_pr	2.45583269055359	7.0	1970426	1.0	1165252
учесть_partcp в_pr	2.45583269055359	7.0	1970426	1.0	1165252
формироваться_v по_pr	2.45583269055359	7.0	1970426	1.0	1165252
осуществляться_v посредством_pr	2.45583269055359	7.0	1970426	1.0	1165252
ограничить_partcp в_pr	2.45583269055359	7.0	1970426	1.0	1165252
вступать_partcp в_pr	2.45583269055359	7.0	1970426	1.0	1165252
вводить_partcp в_pr	2.45583269055359	7.0	1970426	1.0	1165252
осуществляться_v без_pr	2.45583269055359	7.0	1970426	1.0	1165252
разобраться_v с_pr	2.45583269055359	7.0	1970426	1.0	1165252
находиться_v вне_pr	2.45583269055359	7.0	1970426	1.0	1165252
распасться_v на_pr	2.45583269055359	7.0	1970426	1.0	1165252
концентрироваться_v на_pr	2.45583269055359	7.0	1970426	1.0	1165252
располагаться_v по_pr	2.45583269055359	7.0	1970426	1.0	1165252
проявляться_v на_pr	2.45583269055359	7.0	1970426	1.0	1165252
проявляться_v во_pr	2.45583269055359	7.0	1970426	1.0	1165252
складываться_v на_pr	2.45583269055359	7.0	1970426	1.0	1165252
испытывать_v на_pr	2.45583269055359	7.0	1970426	1.0	1165252
выступать_partcp против_pr	2.45583269055359	7.0	1970426	1.0	1165252
выполняться_v в_pr	2.45583269055359	7.0	1970426	1.0	1165252
фиксироваться_v в_pr	2.438076283581867	10.0	1970426	2.0	1165252
объединить_v в_pr	2.438076283581867	10.0	1970426	2.0	1165252
выводить_v из_pr	2.438076283581867	10.0	1970426	2.0	1165252
изучаться_v в_pr	2.438076283581867	10.0	1970426	2.0	1165252
опубликовать_partcp в_pr	2.4087672197524537	47.0	1970426	39.0	1165252
сформироваться_v в_pr	2.3721073725488235	20.0	1970426	6.0	1165252
восходить_partcp к_pr	2.3721073725488235	20.0	1970426	6.0	1165252
указывать_v на_pr	2.3304651877322584	136.0	1970426	64.0	1165252
выражаться_partcp в_pr	2.3003137502720774	15.0	1970426	4.0	1165252
высказаться_v за_pr	2.2922496718897083	6.0	1970426	8.0	1165252
направить_v на_pr	2.2922496718897083	6.0	1970426	8.0	1165252
пребывать_v в_pr	2.2922496718897083	6.0	1970426	8.0	1165252
делать_v на_pr	2.204030816459687	5.0	1970426	7.0	1165252
принять_v на_pr	2.204030816459687	5.0	1970426	7.0	1165252
установить_v в_pr	2.204030816459687	5.0	1970426	7.0	1165252
обнаружить_v в_pr	2.137619191459634	11.0	1970426	12.0	1165252
создать_partcp в_pr	2.093555568074578	79.0	1970426	35.0	1165252
применяться_v для_pr	2.077671304709148	12.0	1970426	3.0	1165252
выполнить_partcp на_pr	2.077671304709148	12.0	1970426	3.0	1165252
совпадать_v в_pr	2.077671304709148	12.0	1970426	3.0	1165252
приравниваться_v к_pr	2.077671304709148	12.0	1970426	3.0	1165252
подходить_v для_pr	2.077671304709148	12.0	1970426	3.0	1165252
достигнуть_partcp в_pr	2.074016985124472	26.0	1970426	9.0	1165252
настаивать_v на_pr	1.9779967281677813	53.0	1970426	42.0	1165252
проголосовать_v за_pr	1.9098615340956453	14.0	1970426	14.0	1165252
знакомиться_v с_pr	1.9098615340956453	14.0	1970426	14.0	1165252
выступить_v в_pr	1.9098615340956453	14.0	1970426	14.0	1165252
передать_partcp в_pr	1.909441641524845	22.0	1970426	20.0	1165252
прослеживаться_v в_pr	1.8912890978657626	9.0	1970426	2.0	1165252
позволять_v в_pr	1.8912890978657626	9.0	1970426	2.0	1165252
коррелировать_v с_pr	1.8912890978657626	9.0	1970426	2.0	1165252
создать_partcp по_pr	1.8912890978657626	9.0	1970426	2.0	1165252
носить_v в_pr	1.8912890978657626	9.0	1970426	2.0	1165252
создать_v в_pr	1.8912890978657626	9.0	1970426	2.0	1165252
выливаться_v в_pr	1.8912890978657626	9.0	1970426	2.0	1165252
сказать_partcp в_pr	1.873945764839264	9.0	1970426	10.0	1165252
назначаться_v на_pr	1.858519559260829	14.0	1970426	4.0	1165252
оставаться_v при_pr	1.8133355033838559	6.0	1970426	1.0	1165252
становиться_v в_pr	1.8133355033838559	6.0	1970426	1.0	1165252
сформировать_partcp в_pr	1.8133355033838559	6.0	1970426	1.0	1165252
оставаться_v у_pr	1.8133355033838559	6.0	1970426	1.0	1165252
переплетаться_v с_pr	1.8133355033838559	6.0	1970426	1.0	1165252
мириться_v с_pr	1.8133355033838559	6.0	1970426	1.0	1165252
заменяться_v на_pr	1.8133355033838559	6.0	1970426	1.0	1165252
меняться_v с_pr	1.8133355033838559	6.0	1970426	1.0	1165252
заимствовать_partcp у_pr	1.8133355033838559	6.0	1970426	1.0	1165252
иметь_v под_pr	1.8133355033838559	6.0	1970426	1.0	1165252
исчезнуть_v из_pr	1.8133355033838559	6.0	1970426	1.0	1165252
отходить_v на_pr	1.8133355033838559	6.0	1970426	1.0	1165252
бросаться_partcp в_pr	1.8133355033838559	6.0	1970426	1.0	1165252
превалировать_v над_pr	1.8133355033838559	6.0	1970426	1.0	1165252
воплощать_v в_pr	1.8133355033838559	6.0	1970426	1.0	1165252
признать_partcp в_pr	1.8133355033838559	6.0	1970426	1.0	1165252
принимать_partcp на_pr	1.8133355033838559	6.0	1970426	1.0	1165252
протекать_partcp в_pr	1.8133355033838559	6.0	1970426	1.0	1165252
содержать_partcp в_pr	1.8133355033838559	6.0	1970426	1.0	1165252
заимствовать_v у_pr	1.8133355033838559	6.0	1970426	1.0	1165252
выдвинуть_v на_pr	1.8133355033838559	6.0	1970426	1.0	1165252
сделать_partcp в_pr	1.777790547749234	21.0	1970426	19.0	1165252
бросаться_v в_pr	1.7437286790024977	8.0	1970426	9.0	1165252
обнаруживаться_v в_pr	1.7134172914482368	16.0	1970426	5.0	1165252
создать_partcp на_pr	1.7052934119031065	27.0	1970426	10.0	1165252
приводить_v в_pr	1.6370241720819818	12.0	1970426	12.0	1165252
заявлять_v о_pr	1.621440826594422	16.0	1970426	15.0	1165252
перевести_partcp в_pr	1.6151686353233705	7.0	1970426	8.0	1165252
останавливаться_v на_pr	1.6151686353233705	7.0	1970426	8.0	1165252
идти_v от_pr	1.6123172039653615	11.0	1970426	3.0	1165252
направлять_v в_pr	1.6123172039653615	11.0	1970426	3.0	1165252
вводиться_v в_pr	1.6123172039653615	11.0	1970426	3.0	1165252
осуществляться_v при_pr	1.6123172039653615	11.0	1970426	3.0	1165252
применяться_v при_pr	1.6123172039653615	11.0	1970426	3.0	1165252
устанавливаться_v на_pr	1.6123172039653615	11.0	1970426	3.0	1165252
судить_v о_pr	1.6122532125968068	18.0	1970426	6.0	1165252
прибегать_v к_pr	1.608701500032244	35.0	1970426	14.0	1165252
призывать_v к_pr	1.5160798150585766	19.0	1970426	17.0	1165252
сообщать_v о_pr	1.5006054910751496	11.0	1970426	11.0	1165252
быть_v к_pr	1.4890329350023874	6.0	1970426	7.0	1165252
стоять_v за_pr	1.4890329350023874	6.0	1970426	7.0	1165252
появиться_partcp в_pr	1.4872480797656236	15.0	1970426	14.0	1165252
ассоциироваться_v с_pr	1.4872480797656236	15.0	1970426	14.0	1165252
заинтересовать_partcp в_pr	1.4704960703972532	42.0	1970426	33.0	1165252
исходить_partcp от_pr	1.4485358991491335	13.0	1970426	4.0	1165252
разделить_partcp на_pr	1.446063489710073	24.0	1970426	9.0	1165252
ставить_v перед_pr	1.446063489710073	24.0	1970426	9.0	1165252
возникнуть_partcp на_pr	1.3851142031394312	8.0	1970426	2.0	1165252
находиться_partcp за_pr	1.3851142031394312	8.0	1970426	2.0	1165252
разделиться_v на_pr	1.3851142031394312	8.0	1970426	2.0	1165252
мочь_v по_pr	1.3851142031394312	8.0	1970426	2.0	1165252
основываться_partcp на_pr	1.3851142031394312	8.0	1970426	2.0	1165252
довести_partcp до_pr	1.3851142031394312	8.0	1970426	2.0	1165252
уклоняться_v от_pr	1.3851142031394312	8.0	1970426	2.0	1165252
свидетельствовать_partcp об_pr	1.3851142031394312	8.0	1970426	2.0	1165252
распространяться_v в_pr	1.3851142031394312	8.0	1970426	2.0	1165252
связать_partcp со_pr	1.3851142031394312	8.0	1970426	2.0	1165252
выходить_v за_pr	1.368995628710314	46.0	1970426	20.0	1165252
поставить_partcp в_pr	1.3678881495245259	32.0	1970426	13.0	1165252
поставить_partcp на_pr	1.3666498617581966	5.0	1970426	6.0	1165252
определиться_v с_pr	1.3666498617581966	5.0	1970426	6.0	1165252
увеличиться_v до_pr	1.3666498617581966	5.0	1970426	6.0	1165252
представать_v в_pr	1.3666498617581966	5.0	1970426	6.0	1165252
написать_partcp в_pr	1.3641868100683183	10.0	1970426	10.0	1165252
переходить_v в_pr	1.3607537261211506	34.0	1970426	14.0	1165252
представлять_v в_pr	1.3435443438306724	15.0	1970426	5.0	1165252
взять_partcp на_pr	1.3435443438306724	15.0	1970426	5.0	1165252
приравнять_partcp к_pr	1.3435443438306724	15.0	1970426	5.0	1165252
внести_v в_pr	1.2571556229643317	17.0	1970426	15.0	1165252
пройти_v через_pr	1.2277681290614888	9.0	1970426	9.0	1165252
передать_v в_pr	1.2277681290614888	9.0	1970426	9.0	1165252
отразиться_v на_pr	1.2237508755282747	19.0	1970426	7.0	1165252
воздерживаться_v от_pr	1.2199317956962732	13.0	1970426	12.0	1165252
выйти_partcp в_pr	1.2199317956962732	13.0	1970426	12.0	1165252
направляться_v в_pr	1.2199317956962732	13.0	1970426	12.0	1165252
принять_partcp на_pr	1.2190381417909335	5.0	1970426	1.0	1165252
отражать_v в_pr	1.2190381417909335	5.0	1970426	1.0	1165252
сложиться_v на_pr	1.2190381417909335	5.0	1970426	1.0	1165252
иметься_partcp на_pr	1.2190381417909335	5.0	1970426	1.0	1165252
извлечь_partcp из_pr	1.2190381417909335	5.0	1970426	1.0	1165252
прекратить_partcp в_pr	1.2190381417909335	5.0	1970426	1.0	1165252
заноситься_v в_pr	1.2190381417909335	5.0	1970426	1.0	1165252
закрепить_v в_pr	1.2190381417909335	5.0	1970426	1.0	1165252
достигнуть_partcp к_pr	1.2190381417909335	5.0	1970426	1.0	1165252
признать_v в_pr	1.2190381417909335	5.0	1970426	1.0	1165252
реализовать_v в_pr	1.2190381417909335	5.0	1970426	1.0	1165252
существовать_v во_pr	1.2190381417909335	5.0	1970426	1.0	1165252
указывать_v в_pr	1.2190381417909335	5.0	1970426	1.0	1165252
возникнуть_partcp после_pr	1.2190381417909335	5.0	1970426	1.0	1165252
господствовать_v над_pr	1.2190381417909335	5.0	1970426	1.0	1165252
говориться_v об_pr	1.2190381417909335	5.0	1970426	1.0	1165252
возникать_v по_pr	1.2190381417909335	5.0	1970426	1.0	1165252
происходить_v путем_pr	1.2190381417909335	5.0	1970426	1.0	1165252
говорить_v в_pr	1.191318893295783	20.0	1970426	17.0	1165252
подпадать_v под_pr	1.1860536862744118	10.0	1970426	3.0	1165252
изъять_partcp из_pr	1.1860536862744118	10.0	1970426	3.0	1165252
настаивать_partcp на_pr	1.1860536862744118	10.0	1970426	3.0	1165252
писать_v о_pr	1.165519249398459	36.0	1970426	28.0	1165252
сталкиваться_v с_pr	1.1430074360493476	39.0	1970426	17.0	1165252
брать_v на_pr	1.1430074360493476	39.0	1970426	17.0	1165252
сократиться_v на_pr	1.1384810420652531	27.0	1970426	11.0	1165252
ожидать_v от_pr	1.0913494480546544	8.0	1970426	8.0	1165252
продолжаться_v до_pr	1.0913494480546544	8.0	1970426	8.0	1165252
сделать_partcp из_pr	1.0913494480546544	8.0	1970426	8.0	1165252
создавать_v в_pr	1.0748354750645377	12.0	1970426	4.0	1165252
прибегнуть_v к_pr	1.0748354750645377	12.0	1970426	4.0	1165252
решить_partcp в_pr	1.0748354750645377	12.0	1970426	4.0	1165252
идти_v на_pr	1.0549743987692555	50.0	1970426	37.0	1165252
заключать_v в_pr	1.0070619625915196	14.0	1970426	5.0	1165252
проводиться_v по_pr	1.0070619625915196	14.0	1970426	5.0	1165252
жить_partcp на_pr	1.0070619625915196	14.0	1970426	5.0	1165252
отвечать_v за_pr	1.002215621930798	15.0	1970426	13.0	1165252
построить_partcp по_pr	0.9640423264733835	16.0	1970426	6.0	1165252
обратить_partcp к_pr	0.9640423264733835	16.0	1970426	6.0	1165252
родиться_partcp в_pr	0.9549307670478226	7.0	1970426	7.0	1165252
обратить_v на_pr	0.9549307670478226	7.0	1970426	7.0	1165252
исключить_v из_pr	0.9549307670478226	7.0	1970426	7.0	1165252
начинаться_v в_pr	0.9549307670478226	7.0	1970426	7.0	1165252
начать_partcp в_pr	0.9547208207624225	11.0	1970426	10.0	1165252
попадать_partcp в_pr	0.9547208207624225	11.0	1970426	10.0	1165252
отождествлять_v с_pr	0.9292597796304145	7.0	1970426	2.0	1165252
осуществляться_v из_pr	0.9292597796304145	7.0	1970426	2.0	1165252
идти_partcp на_pr	0.9292597796304145	7.0	1970426	2.0	1165252
установить_partcp на_pr	0.9292597796304145	7.0	1970426	2.0	1165252
соприкасаться_v с_pr	0.9292597796304145	7.0	1970426	2.0	1165252
приспособиться_v к_pr	0.9292597796304145	7.0	1970426	2.0	1165252
смешиваться_v с_pr	0.9292597796304145	7.0	1970426	2.0	1165252
возникнуть_v из_pr	0.9292597796304145	7.0	1970426	2.0	1165252
создавать_v для_pr	0.9292597796304145	7.0	1970426	2.0	1165252
развиться_v в_pr	0.9292597796304145	7.0	1970426	2.0	1165252
решаться_v в_pr	0.9292597796304145	7.0	1970426	2.0	1165252
выступать_partcp в_pr	0.9192580000184281	20.0	1970426	8.0	1165252
идти_v об_pr	0.9172417790954714	32.0	1970426	14.0	1165252
идти_v о_pr	0.9155415326155101	143.0	1970426	96.0	1165252
оставаться_v на_pr	0.8768163084515237	14.0	1970426	12.0	1165252
поставить_v в_pr	0.8233209840626388	10.0	1970426	9.0	1165252
рассматривать_v в_pr	0.8185120860409909	6.0	1970426	6.0	1165252
создать_v для_pr	0.8185120860409909	6.0	1970426	6.0	1165252
воплощаться_v в_pr	0.8061266062984034	9.0	1970426	3.0	1165252
абстрагироваться_v от_pr	0.8061266062984034	9.0	1970426	3.0	1165252
получить_v при_pr	0.8061266062984034	9.0	1970426	3.0	1165252
составить_partcp из_pr	0.8061266062984034	9.0	1970426	3.0	1165252
представить_v в_pr	0.8061266062984034	9.0	1970426	3.0	1165252
вноситься_v в_pr	0.8061266062984034	9.0	1970426	3.0	1165252
вестись_v на_pr	0.8061266062984034	9.0	1970426	3.0	1165252
отвлечься_v от_pr	0.8061266062984034	9.0	1970426	3.0	1165252
перерастать_v в_pr	0.8061266062984034	9.0	1970426	3.0	1165252
организовать_partcp в_pr	0.8061266062984034	9.0	1970426	3.0	1165252
изложить_partcp в_pr	0.763854284534613	37.0	1970426	17.0	1165252
голосовать_v за_pr	0.75325949704545	13.0	1970426	11.0	1165252
бороться_partcp за_pr	0.7429136490883868	11.0	1970426	4.0	1165252
исходить_v от_pr	0.7429136490883868	11.0	1970426	4.0	1165252
повлиять_v на_pr	0.7404534949213497	52.0	1970426	25.0	1165252
обратиться_v с_pr	0.7130344423684125	16.0	1970426	13.0	1165252
вызывать_v в_pr	0.7082466401920491	13.0	1970426	5.0	1165252
тяготеть_v к_pr	0.7082466401920491	13.0	1970426	5.0	1165252
отходить_v от_pr	0.7082466401920491	13.0	1970426	5.0	1165252
иметь_v для_pr	0.7082466401920491	13.0	1970426	5.0	1165252
переслать_v в_pr	0.6931038982258766	9.0	1970426	8.0	1165252
разобраться_v в_pr	0.6931038982258766	9.0	1970426	8.0	1165252
отличаться_partcp от_pr	0.6918834691369353	25.0	1970426	11.0	1165252
выходить_partcp за_pr	0.684497814355157	23.0	1970426	10.0	1165252
стоять_partcp в_pr	0.6820934050341592	5.0	1970426	5.0	1165252
спорить_v с_pr	0.6820934050341592	5.0	1970426	5.0	1165252
доводить_v до_pr	0.6820934050341592	5.0	1970426	5.0	1165252
поступать_v в_pr	0.6795042407458345	21.0	1970426	9.0	1165252
найти_v в_pr	0.6700731960234068	25.0	1970426	19.0	1165252
включить_partcp в_pr	0.6689796649455424	70.0	1970426	35.0	1165252
переслать_v к_pr	0.6320501619631411	12.0	1970426	10.0	1165252
начинать_v с_pr	0.609614327837761	89.0	1970426	60.0	1165252
говорить_v об_pr	0.6081293739591693	56.0	1970426	39.0	1165252
прилегать_partcp к_pr	0.5645438545467454	8.0	1970426	7.0	1165252
быть_v во_pr	0.5645438545467454	8.0	1970426	7.0	1165252
быть_v при_pr	0.5645438545467454	8.0	1970426	7.0	1165252
лежать_v в_pr	0.5542974366691711	58.0	1970426	29.0	1165252
привести_partcp к_pr	0.5499249693620669	30.0	1970426	14.0	1165252
вовлечь_v в_pr	0.5374177375322688	6.0	1970426	2.0	1165252
вывести_v из_pr	0.5374177375322688	6.0	1970426	2.0	1165252
варьироваться_v в_pr	0.5374177375322688	6.0	1970426	2.0	1165252
излагаться_v в_pr	0.5374177375322688	6.0	1970426	2.0	1165252
установить_v на_pr	0.5374177375322688	6.0	1970426	2.0	1165252
отталкиваться_v от_pr	0.5374177375322688	6.0	1970426	2.0	1165252
упоминать_v о_pr	0.5374177375322688	6.0	1970426	2.0	1165252
побуждать_v к_pr	0.5374177375322688	6.0	1970426	2.0	1165252
создавать_partcp на_pr	0.5374177375322688	6.0	1970426	2.0	1165252
утвердиться_v в_pr	0.5374177375322688	6.0	1970426	2.0	1165252
оказать_v на_pr	0.5374177375322688	6.0	1970426	2.0	1165252
задействовать_partcp в_pr	0.5374177375322688	6.0	1970426	2.0	1165252
лечь_v в_pr	0.51899862907303	26.0	1970426	12.0	1165252
взять_partcp из_pr	0.5138967031459667	11.0	1970426	9.0	1165252
платить_v за_pr	0.5138967031459667	11.0	1970426	9.0	1165252
ввести_partcp в_pr	0.5087545836360476	41.0	1970426	20.0	1165252
получать_v от_pr	0.5044840357742477	24.0	1970426	11.0	1165252
следовать_v в_pr	0.48202116323669175	8.0	1970426	3.0	1165252
сохранять_v за_pr	0.48202116323669175	8.0	1970426	3.0	1165252
говорить_partcp о_pr	0.48202116323669175	8.0	1970426	3.0	1165252
проводиться_v в_pr	0.4799050241397058	23.0	1970426	17.0	1165252
действовать_v на_pr	0.4799050241397058	23.0	1970426	17.0	1165252
привлечь_partcp к_pr	0.4775002758411455	20.0	1970426	15.0	1165252
переходить_v на_pr	0.4775002758411455	20.0	1970426	15.0	1165252
наблюдать_partcp в_pr	0.45962900000921403	10.0	1970426	4.0	1165252
примыкать_v к_pr	0.45962900000921403	10.0	1970426	4.0	1165252
исходить_partcp из_pr	0.45962900000921403	10.0	1970426	4.0	1165252
зародиться_v в_pr	0.45962900000921403	10.0	1970426	4.0	1165252
переноситься_v на_pr	0.45962900000921403	10.0	1970426	4.0	1165252
храниться_partcp в_pr	0.45300282716388907	14.0	1970426	6.0	1165252
стоять_v перед_pr	0.45300282716388907	14.0	1970426	6.0	1165252
объединять_v в_pr	0.45226121621968973	12.0	1970426	5.0	1165252
показать_partcp в_pr	0.43840815422576185	7.0	1970426	6.0	1165252
обращаться_v за_pr	0.43840815422576185	7.0	1970426	6.0	1165252
выполнить_partcp в_pr	0.43840815422576185	7.0	1970426	6.0	1165252
относиться_v ко_pr	0.43840815422576185	7.0	1970426	6.0	1165252
сообщаться_v о_pr	0.43840815422576185	7.0	1970426	6.0	1165252
справляться_v с_pr	0.39982509093925467	10.0	1970426	8.0	1165252
перенести_partcp на_pr	0.39982509093925467	10.0	1970426	8.0	1165252
состоять_partcp из_pr	0.3949553319969068	80.0	1970426	42.0	1165252
нести_v в_pr	0.3792923286146994	27.0	1970426	13.0	1165252
быть_v по_pr	0.33353464712736836	27.0	1970426	19.0	1165252
проживать_partcp в_pr	0.32868922996111305	45.0	1970426	23.0	1165252
ответить_v на_pr	0.3250216655162532	38.0	1970426	26.0	1165252
ссылаться_v на_pr	0.32295443043054295	54.0	1970426	28.0	1165252
начаться_v с_pr	0.3203931186968769	24.0	1970426	17.0	1165252
преподавать_v в_pr	0.31602508098157056	6.0	1970426	5.0	1165252
писать_v об_pr	0.31602508098157056	6.0	1970426	5.0	1165252
составлять_v от_pr	0.31602508098157056	6.0	1970426	5.0	1165252
отразиться_v в_pr	0.31602508098157056	6.0	1970426	5.0	1165252
подниматься_v в_pr	0.31602508098157056	6.0	1970426	5.0	1165252
обходиться_v без_pr	0.29137981234961474	9.0	1970426	7.0	1165252
обозначить_partcp в_pr	0.29137981234961474	9.0	1970426	7.0	1165252
освободить_partcp от_pr	0.2913081484665323	17.0	1970426	8.0	1165252
требовать_v от_pr	0.29116980142440685	41.0	1970426	21.0	1165252
выступать_v с_pr	0.29002873816610597	15.0	1970426	11.0	1165252
говориться_v о_pr	0.28670557069095004	30.0	1970426	15.0	1165252
сравнивать_v с_pr	0.28650016550468704	12.0	1970426	9.0	1165252
отказать_v в_pr	0.27496248468103346	15.0	1970426	7.0	1165252
поступить_partcp в_pr	0.27496248468103346	15.0	1970426	7.0	1165252
искать_v в_pr	0.27496248468103346	15.0	1970426	7.0	1165252
занимать_v в_pr	0.259499314536515	13.0	1970426	6.0	1165252
адаптироваться_v к_pr	0.259499314536515	13.0	1970426	6.0	1165252
проживать_partcp на_pr	0.24847816126550137	26.0	1970426	13.0	1165252
оказываться_v на_pr	0.2454208978751875	11.0	1970426	5.0	1165252
встречаться_partcp в_pr	0.2454208978751875	11.0	1970426	5.0	1165252
выделяться_v в_pr	0.2454208978751875	11.0	1970426	5.0	1165252
соглашаться_v с_pr	0.2454208978751875	11.0	1970426	5.0	1165252
указываться_v в_pr	0.2454208978751875	11.0	1970426	5.0	1165252
выйти_partcp из_pr	0.2454208978751875	11.0	1970426	5.0	1165252
образовать_partcp в_pr	0.2454208978751875	11.0	1970426	5.0	1165252
последовать_partcp за_pr	0.2454208978751875	11.0	1970426	5.0	1165252
рассчитать_partcp на_pr	0.2351903014298946	35.0	1970426	18.0	1165252
вырасти_v в_pr	0.2351903014298946	35.0	1970426	18.0	1165252
проводиться_partcp в_pr	0.23370015617253848	9.0	1970426	4.0	1165252
вывести_partcp из_pr	0.23370015617253848	9.0	1970426	4.0	1165252
оставить_partcp без_pr	0.23370015617253848	9.0	1970426	4.0	1165252
решаться_v на_pr	0.22981450000460701	5.0	1970426	2.0	1165252
вписываться_partcp в_pr	0.22981450000460701	5.0	1970426	2.0	1165252
приобретать_v в_pr	0.22981450000460701	5.0	1970426	2.0	1165252
вникать_v в_pr	0.22981450000460701	5.0	1970426	2.0	1165252
отличаться_v по_pr	0.22981450000460701	5.0	1970426	2.0	1165252
сформулировать_partcp на_pr	0.22981450000460701	5.0	1970426	2.0	1165252
принимать_v на_pr	0.22981450000460701	5.0	1970426	2.0	1165252
видеть_v из_pr	0.22981450000460701	5.0	1970426	2.0	1165252
определять_partcp в_pr	0.22981450000460701	5.0	1970426	2.0	1165252
распространить_partcp на_pr	0.22981450000460701	5.0	1970426	2.0	1165252
вестись_v по_pr	0.22981450000460701	5.0	1970426	2.0	1165252
стать_v по_pr	0.22981450000460701	5.0	1970426	2.0	1165252
подразумевать_v под_pr	0.22981450000460701	5.0	1970426	2.0	1165252
существовать_partcp до_pr	0.22981450000460701	5.0	1970426	2.0	1165252
утверждаться_v в_pr	0.22981450000460701	5.0	1970426	2.0	1165252
давать_v в_pr	0.22650141358194453	7.0	1970426	3.0	1165252
перемещаться_v в_pr	0.22650141358194453	7.0	1970426	3.0	1165252
вписываться_v в_pr	0.22650141358194453	7.0	1970426	3.0	1165252
воплотить_partcp в_pr	0.22650141358194453	7.0	1970426	3.0	1165252
воплотиться_v в_pr	0.22650141358194453	7.0	1970426	3.0	1165252
иметь_v при_pr	0.22650141358194453	7.0	1970426	3.0	1165252
повлечь_partcp за_pr	0.22650141358194453	7.0	1970426	3.0	1165252
усомниться_v в_pr	0.22650141358194453	7.0	1970426	3.0	1165252
получить_partcp из_pr	0.22650141358194453	7.0	1970426	3.0	1165252
произойти_v от_pr	0.22650141358194453	7.0	1970426	3.0	1165252
получить_v в_pr	0.20507337162787165	36.0	1970426	24.0	1165252
оставлять_v за_pr	0.19991254546962733	5.0	1970426	4.0	1165252
вступить_v на_pr	0.19991254546962733	5.0	1970426	4.0	1165252
приобрести_v в_pr	0.19571261979467836	11.0	1970426	8.0	1165252
проходить_v через_pr	0.19571261979467836	11.0	1970426	8.0	1165252
приближаться_v к_pr	0.19113704712730017	20.0	1970426	10.0	1165252
опереться_v на_pr	0.19100011033646047	8.0	1970426	6.0	1165252
возрасти_v до_pr	0.19100011033646047	8.0	1970426	6.0	1165252
идти_partcp в_pr	0.19100011033646047	8.0	1970426	6.0	1165252
пострадать_partcp от_pr	0.19100011033646047	8.0	1970426	6.0	1165252
положить_v в_pr	0.19100011033646047	8.0	1970426	6.0	1165252
зафиксировать_partcp в_pr	0.1797657934639285	29.0	1970426	15.0	1165252
начинаться_v с_pr	0.16278735427340196	36.0	1970426	19.0	1165252
внести_partcp в_pr	0.16147721521527147	27.0	1970426	14.0	1165252
произойти_partcp в_pr	0.1367155810852414	24.0	1970426	16.0	1165252
взять_partcp в_pr	0.1337959329891103	14.0	1970426	7.0	1165252
отвечать_partcp за_pr	0.1337959329891103	14.0	1970426	7.0	1165252
использовать_v для_pr	0.11959607441829112	29.0	1970426	19.0	1165252
перейти_v к_pr	0.11645979764019732	46.0	1970426	25.0	1165252
назвать_partcp в_pr	0.1146822282763802	12.0	1970426	6.0	1165252
войти_partcp в_pr	0.10753515482809717	21.0	1970426	11.0	1165252
оставаться_v в_pr	0.10615688340080531	47.0	1970426	30.0	1165252
иметь_v на_pr	0.10278125490643486	7.0	1970426	5.0	1165252
оставаться_v без_pr	0.10278125490643486	7.0	1970426	5.0	1165252
продолжаться_v в_pr	0.10278125490643486	7.0	1970426	5.0	1165252
поместить_partcp в_pr	0.10278125490643486	7.0	1970426	5.0	1165252
переводиться_v на_pr	0.10278125490643486	7.0	1970426	5.0	1165252
помогать_v в_pr	0.10278125490643486	7.0	1970426	5.0	1165252
зарегистрировать_partcp на_pr	0.10278125490643486	7.0	1970426	5.0	1165252
выйти_v за_pr	0.10253668581393582	18.0	1970426	12.0	1165252
создать_partcp для_pr	0.10253668581393582	18.0	1970426	12.0	1165252
включиться_v в_pr	0.09556852356365009	10.0	1970426	5.0	1165252
сравнить_v с_pr	0.09556852356365009	10.0	1970426	5.0	1165252
вкладывать_v в_pr	0.09556852356365009	10.0	1970426	5.0	1165252
происходить_v с_pr	0.09556852356365009	10.0	1970426	5.0	1165252
проникать_v в_pr	0.09002076257123459	19.0	1970426	10.0	1165252
рассчитать_partcp по_pr	0.07645481885092009	8.0	1970426	4.0	1165252
оформить_partcp в_pr	0.07645481885092009	8.0	1970426	4.0	1165252
упомянуть_partcp в_pr	0.07645481885092009	8.0	1970426	4.0	1165252
отделить_partcp от_pr	0.07645481885092009	8.0	1970426	4.0	1165252
оставлять_v в_pr	0.07645481885092009	8.0	1970426	4.0	1165252
согласиться_v с_pr	0.07516700494482187	40.0	1970426	22.0	1165252
ставить_v под_pr	0.07287323194569484	17.0	1970426	9.0	1165252
приступать_v к_pr	0.07287323194569484	17.0	1970426	9.0	1165252
включить_v в_pr	0.07287323194569484	17.0	1970426	9.0	1165252
принадлежать_v к_pr	0.07241657091235565	46.0	1970426	29.0	1165252
сомневаться_v в_pr	0.0683577905426207	12.0	1970426	8.0	1165252
распространиться_v на_pr	0.0683577905426207	12.0	1970426	8.0	1165252
видеть_v в_pr	0.06560013009529575	56.0	1970426	35.0	1165252
работать_partcp в_pr	0.05932769438834362	43.0	1970426	27.0	1165252
наблюдать_v в_pr	0.0573411141381901	6.0	1970426	3.0	1165252
вызывать_v к_pr	0.0573411141381901	6.0	1970426	3.0	1165252
защитить_partcp от_pr	0.0573411141381901	6.0	1970426	3.0	1165252
сократиться_v до_pr	0.0573411141381901	6.0	1970426	3.0	1165252
реализовать_partcp на_pr	0.0573411141381901	6.0	1970426	3.0	1165252
присутствовать_partcp в_pr	0.0573411141381901	6.0	1970426	3.0	1165252
приводить_partcp в_pr	0.0573411141381901	6.0	1970426	3.0	1165252
специализироваться_partcp на_pr	0.05623517182065618	15.0	1970426	8.0	1165252
стоять_partcp на_pr	0.05623517182065618	15.0	1970426	8.0	1165252
указать_v на_pr	0.05437997848323883	30.0	1970426	19.0	1165252
находить_v в_pr	0.053726432786787015	17.0	1970426	11.0	1165252
проводиться_v на_pr	0.053726432786787015	17.0	1970426	11.0	1165252
дать_v в_pr	0.05126834290696791	9.0	1970426	6.0	1165252
отнестись_v к_pr	0.05126834290696791	9.0	1970426	6.0	1165252
установить_partcp в_pr	0.05126834290696791	9.0	1970426	6.0	1165252
совпадать_partcp с_pr	0.05126834290696791	9.0	1970426	6.0	1165252
сделать_partcp на_pr	0.05126834290696791	9.0	1970426	6.0	1165252
вызывать_v у_pr	0.04033412875095688	13.0	1970426	7.0	1165252
предъявлять_partcp к_pr	0.04033412875095688	13.0	1970426	7.0	1165252
принимать_v в_pr	0.037583502472410935	20.0	1970426	11.0	1165252
входить_v в_pr	0.03532034905953507	168.0	1970426	97.0	1165252
проходить_v под_pr	0.03417889527131035	6.0	1970426	4.0	1165252
сотрудничать_v в_pr	0.03417889527131035	6.0	1970426	4.0	1165252
поддерживать_v в_pr	0.03417889527131035	6.0	1970426	4.0	1165252
иметь_v по_pr	0.03417889527131035	6.0	1970426	4.0	1165252
сближаться_v с_pr	0.03417889527131035	6.0	1970426	4.0	1165252
ставить_v в_pr	0.03417889527131035	6.0	1970426	4.0	1165252
изучать_v в_pr	0.03417889527131035	6.0	1970426	4.0	1165252
отказываться_v от_pr	0.03412602491366257	46.0	1970426	26.0	1165252
обращать_v на_pr	0.0316621427619912	19.0	1970426	12.0	1165252
избавиться_v от_pr	0.028114341469417603	24.0	1970426	15.0	1165252
представить_partcp на_pr	0.028114341469417603	24.0	1970426	15.0	1165252
перевести_partcp на_pr	0.026796143562374475	25.0	1970426	14.0	1165252
обращаться_v в_pr	0.026796143562374475	25.0	1970426	14.0	1165252
придтись_v на_pr	0.025556910044115644	11.0	1970426	6.0	1165252
зарегистрировать_partcp в_pr	0.02523709667750451	18.0	1970426	10.0	1165252
совпасть_v с_pr	0.022871871742879635	11.0	1970426	7.0	1165252
оказаться_partcp в_pr	0.022871871742879635	11.0	1970426	7.0	1165252
остановиться_v на_pr	0.019834938142506586	30.0	1970426	17.0	1165252
следовать_v за_pr	0.018742894312937963	16.0	1970426	10.0	1165252
судить_v по_pr	0.018742894312937963	16.0	1970426	10.0	1165252
снизиться_v на_pr	0.017063012456831284	23.0	1970426	13.0	1165252
издать_partcp в_pr	0.014496068179386978	16.0	1970426	9.0	1165252
достигнуть_v в_pr	0.012618548338752256	9.0	1970426	5.0	1165252
примыкать_partcp к_pr	0.012618548338752256	9.0	1970426	5.0	1165252
апеллировать_v к_pr	0.012618548338752256	9.0	1970426	5.0	1165252
возникать_v у_pr	0.012618548338752256	9.0	1970426	5.0	1165252
расходиться_v с_pr	0.012618548338752256	9.0	1970426	5.0	1165252
выразиться_partcp в_pr	0.012618548338752256	9.0	1970426	5.0	1165252
ввести_v в_pr	0.01201808344316957	28.0	1970426	16.0	1165252
быть_v против_pr	0.009371447156468982	8.0	1970426	5.0	1165252
полагаться_v на_pr	0.009371447156468982	8.0	1970426	5.0	1165252
переслать_v на_pr	0.009371447156468982	8.0	1970426	5.0	1165252
подготовить_partcp к_pr	0.009371447156468982	8.0	1970426	5.0	1165252
сформировать_partcp на_pr	0.009371447156468982	8.0	1970426	5.0	1165252
показать_partcp на_pr	0.009371447156468982	8.0	1970426	5.0	1165252
являться_v для_pr	0.007821358641436293	13.0	1970426	8.0	1165252
убедиться_v в_pr	0.007821358641436293	13.0	1970426	8.0	1165252
обсуждаться_v в_pr	0.007821358641436293	13.0	1970426	8.0	1165252
начать_v с_pr	0.007341760968292033	18.0	1970426	11.0	1165252
следовать_v из_pr	0.005832012714256041	26.0	1970426	15.0	1165252
связывать_v с_pr	0.005832012714256041	26.0	1970426	15.0	1165252
приходить_v к_pr	0.005372571153217209	55.0	1970426	32.0	1165252
переходить_v из_pr	0.0030045208607923923	7.0	1970426	4.0	1165252
быть_v из_pr	0.0030045208607923923	7.0	1970426	4.0	1165252
заплатить_v за_pr	0.0030045208607923923	7.0	1970426	4.0	1165252
ложиться_v на_pr	0.0030045208607923923	7.0	1970426	4.0	1165252
описать_partcp в_pr	0.0015720867284557127	20.0	1970426	12.0	1165252
сказать_v о_pr	0.0015720867284557127	20.0	1970426	12.0	1165252
вводить_v в_pr	0.0011790650463417984	15.0	1970426	9.0	1165252
укладываться_v в_pr	0.0011790650463417984	15.0	1970426	9.0	1165252
освободиться_v от_pr	0.0008288522629185391	12.0	1970426	7.0	1165252
оставаться_v за_pr	0.0008288522629185391	12.0	1970426	7.0	1165252
привлекать_v к_pr	0.0008288522629185391	12.0	1970426	7.0	1165252
реагировать_v на_pr	0.0008249501424515693	29.0	1970426	17.0	1165252
сосредоточить_partcp на_pr	0.0007860433642278564	10.0	1970426	6.0	1165252
измениться_v в_pr	0.0007860433642278564	10.0	1970426	6.0	1165252
предпринять_partcp в_pr	0.0007860433642278564	10.0	1970426	6.0	1165252
возложить_v на_pr	0.0003930216821139282	5.0	1970426	3.0	1165252
указать_partcp на_pr	0.0003930216821139282	5.0	1970426	3.0	1165252
свестись_v к_pr	0.0003930216821139282	5.0	1970426	3.0	1165252
находиться_v между_pr	0.0003930216821139282	5.0	1970426	3.0	1165252
переводиться_v в_pr	0.0003930216821139282	5.0	1970426	3.0	1165252
создавать_partcp в_pr	0.0003930216821139282	5.0	1970426	3.0	1165252
существовать_v без_pr	0.0003930216821139282	5.0	1970426	3.0	1165252
стать_v в_pr	0.00017800466957675065	17.0	1970426	10.0	1165252
