ngram	g2	freq_corp	size_corp	freq_ref	size_ref
можно_adv выделить_v	74.30673325473941	119.0	1970426	6.0	1165252
можно_adv отнести_v	51.892018130717744	87.0	1970426	5.0	1165252
необходимо_adv отметить_v	36.62443824466412	68.0	1970426	5.0	1165252
широко_adv использоваться_v	36.023652862670815	53.0	1970426	2.0	1165252
также_adv отметить_v	35.40931273177658	8.0	1970426	35.0	1165252
можно_adv отметить_v	25.36251272065545	35.0	1970426	1.0	1165252
также_adv быть_v	23.489713025070152	44.0	1970426	66.0	1165252
можно_adv представить_v	22.111946020813576	49.0	1970426	5.0	1165252
часто_adv использоваться_v	21.020191650711695	30.0	1970426	1.0	1165252
можно_adv определить_v	20.310997590070873	57.0	1970426	8.0	1165252
можно_adv утверждать_v	18.480924971066354	32.0	1970426	2.0	1165252
необходимо_adv учитывать_v	18.278940250713283	40.0	1970426	4.0	1165252
также_adv мочь_v	16.747028729828642	45.0	1970426	6.0	1165252
непосредственно_adv зависеть_v	16.73237013917944	25.0	1970426	1.0	1165252
можно_adv рассматривать_v	16.39514643296136	51.0	1970426	8.0	1165252
еще_adv быть_v	16.046077282340327	15.0	1970426	30.0	1165252
можно_adv считать_v	15.321860933826827	83.0	1970426	20.0	1165252
можно_adv констатировать_v	14.647871056376928	35.0	1970426	4.0	1165252
отдельно_adv взять_partcp	13.35690806456436	21.0	1970426	1.0	1165252
справедливо_adv отмечать_v	13.35690806456436	21.0	1970426	1.0	1165252
можно_adv судить_v	11.84739227911053	31.0	1970426	4.0	1165252
где_adv проходить_v	11.470290134239631	6.0	1970426	16.0	1165252
постоянно_adv проживать_partcp	10.86996177017871	18.0	1970426	1.0	1165252
существенно_adv отличаться_v	10.80795793805493	26.0	1970426	3.0	1165252
можно_adv назвать_v	10.22185757593455	77.0	1970426	22.0	1165252
можно_adv предположить_v	9.055014112236458	33.0	1970426	6.0	1165252
надо_adv быть_v	8.816061175377452	46.0	1970426	50.0	1165252
можно_adv получить_v	8.714236122072196	23.0	1970426	3.0	1165252
как_adv следовать_v	8.55790788391484	8.0	1970426	16.0	1165252
хорошо_adv знать_v	8.477871478158693	9.0	1970426	17.0	1165252
можно_adv привести_v	8.45065007553045	29.0	1970426	5.0	1165252
куда_adv входить_v	8.436352681929831	15.0	1970426	1.0	1165252
нужно_adv быть_v	7.729817569396577	26.0	1970426	32.0	1165252
можно_adv указать_v	7.6817568505952	18.0	1970426	2.0	1165252
широко_adv применяться_v	7.6817568505952	18.0	1970426	2.0	1165252
можно_adv охарактеризовать_v	7.6817568505952	18.0	1970426	2.0	1165252
активно_adv развиваться_v	7.640593645462475	14.0	1970426	1.0	1165252
резко_adv возрасти_v	7.640593645462475	14.0	1970426	1.0	1165252
здесь_adv мочь_v	7.640593645462475	14.0	1970426	1.0	1165252
можно_adv говорить_v	7.170335071154813	74.0	1970426	24.0	1165252
всего_adv следовать_v	6.079188127743599	12.0	1970426	1.0	1165252
искусственно_adv создать_partcp	6.079188127743599	12.0	1970426	1.0	1165252
широко_adv распространить_partcp	6.068570182067239	19.0	1970426	3.0	1165252
нельзя_adv быть_v	5.8320587968786235	23.0	1970426	27.0	1165252
важно_adv отметить_v	5.540456812557725	32.0	1970426	8.0	1165252
обычно_adv бывать_v	5.316856922248701	11.0	1970426	1.0	1165252
существенно_adv изменить_v	5.316856922248701	11.0	1970426	1.0	1165252
широко_adv представить_partcp	5.316856922248701	11.0	1970426	1.0	1165252
условно_adv говорить_v	5.316856922248701	11.0	1970426	1.0	1165252
далее_adv следовать_v	5.316856922248701	11.0	1970426	1.0	1165252
можно_adv встретить_v	5.278680813927236	6.0	1970426	11.0	1165252
как_adv показать_v	5.152906472850782	26.0	1970426	6.0	1165252
также_adv являться_v	4.994141105733424	23.0	1970426	5.0	1165252
иногда_adv называть_v	4.91166538110718	14.0	1970426	2.0	1165252
здесь_adv являться_v	4.91166538110718	14.0	1970426	2.0	1165252
всегда_adv мочь_v	4.569735062678321	10.0	1970426	1.0	1165252
существенно_adv влиять_v	4.569735062678321	10.0	1970426	1.0	1165252
как_adv считать_v	4.569735062678321	10.0	1970426	1.0	1165252
четко_adv определить_partcp	4.569735062678321	10.0	1970426	1.0	1165252
существенно_adv измениться_v	4.569735062678321	10.0	1970426	1.0	1165252
отсюда_adv следовать_v	4.466345615101092	22.0	1970426	5.0	1165252
можно_adv обнаружить_v	4.466345615101092	22.0	1970426	5.0	1165252
затем_adv быть_v	4.333188735552003	9.0	1970426	13.0	1165252
всегда_adv существовать_v	4.258885213251596	13.0	1970426	2.0	1165252
всегда_adv иметь_v	4.232340891151683	16.0	1970426	3.0	1165252
можно_adv разделить_v	4.155342609418296	24.0	1970426	6.0	1165252
как_adv писать_v	3.911949743294933	26.0	1970426	7.0	1165252
вполне_adv мочь_v	3.8649087846982884	13.0	1970426	16.0	1165252
также_adv следовать_v	3.8408784252976	9.0	1970426	1.0	1165252
можно_adv оценить_v	3.8408784252976	9.0	1970426	1.0	1165252
важно_adv подчеркнуть_v	3.8408784252976	9.0	1970426	1.0	1165252
можно_adv сформулировать_v	3.6266710067677117	12.0	1970426	2.0	1165252
можно_adv заключить_v	3.6266710067677117	12.0	1970426	2.0	1165252
часто_adv оказываться_v	3.6266710067677117	12.0	1970426	2.0	1165252
можно_adv быть_v	3.60163602847134	196.0	1970426	143.0	1165252
где_adv быть_v	3.3362005714770238	44.0	1970426	39.0	1165252
часто_adv бывать_v	3.265182861528081	17.0	1970426	4.0	1165252
широко_adv использовать_v	3.265182861528081	17.0	1970426	4.0	1165252
где_adv проживать_v	3.161245789486344	5.0	1970426	8.0	1165252
ранее_adv существовать_partcp	3.134368856716999	8.0	1970426	1.0	1165252
можно_adv описать_v	3.134368856716999	8.0	1970426	1.0	1165252
широко_adv использовать_partcp	3.134368856716999	8.0	1970426	1.0	1165252
активно_adv разрабатываться_v	3.134368856716999	8.0	1970426	1.0	1165252
нельзя_adv считать_v	3.1041518966493262	14.0	1970426	3.0	1165252
необходимо_adv иметь_v	3.1041518966493262	14.0	1970426	3.0	1165252
можно_adv использовать_v	3.0414233791179006	24.0	1970426	7.0	1165252
можно_adv сказать_v	2.9704773680204575	101.0	1970426	44.0	1165252
должно_adv быть_v	2.965681874601273	193.0	1970426	92.0	1165252
здесь_adv быть_v	2.7324331171107765	32.0	1970426	29.0	1165252
как_adv показывать_v	2.633745922272146	23.0	1970426	7.0	1165252
строго_adv говорить_v	2.576453236425391	13.0	1970426	3.0	1165252
быстро_adv расти_v	2.576453236425391	13.0	1970426	3.0	1165252
полностью_adv соответствовать_v	2.45583269055359	7.0	1970426	1.0	1165252
вообще_adv отсутствовать_v	2.45583269055359	7.0	1970426	1.0	1165252
постоянно_adv увеличиваться_v	2.45583269055359	7.0	1970426	1.0	1165252
значительно_adv превышать_v	2.45583269055359	7.0	1970426	1.0	1165252
вправе_adv требовать_v	2.45583269055359	7.0	1970426	1.0	1165252
важно_adv помнить_v	2.45583269055359	7.0	1970426	1.0	1165252
также_adv оказывать_v	2.45583269055359	7.0	1970426	1.0	1165252
обычно_adv являться_v	2.45583269055359	7.0	1970426	1.0	1165252
часто_adv использовать_v	2.438076283581867	10.0	1970426	2.0	1165252
ли_adv быть_v	2.438076283581867	10.0	1970426	2.0	1165252
активно_adv использоваться_v	2.3003137502720774	15.0	1970426	4.0	1165252
можно_adv видеть_v	2.2463733865759945	22.0	1970426	7.0	1165252
можно_adv найти_v	2.0832161282079067	43.0	1970426	17.0	1165252
действительно_adv быть_v	2.005345601539047	10.0	1970426	11.0	1165252
сюда_adv входить_v	1.8912890978657626	9.0	1970426	2.0	1165252
практически_adv отсутствовать_v	1.8912890978657626	9.0	1970426	2.0	1165252
всегда_adv выступать_v	1.8912890978657626	9.0	1970426	2.0	1165252
полностью_adv совпадать_v	1.8912890978657626	9.0	1970426	2.0	1165252
часто_adv называть_v	1.858519559260829	14.0	1970426	4.0	1165252
активно_adv использовать_v	1.858519559260829	14.0	1970426	4.0	1165252
всегда_adv удаваться_v	1.8133355033838559	6.0	1970426	1.0	1165252
где_adv использоваться_v	1.8133355033838559	6.0	1970426	1.0	1165252
можно_adv выявить_v	1.8133355033838559	6.0	1970426	1.0	1165252
можно_adv прийти_v	1.8133355033838559	6.0	1970426	1.0	1165252
эффективно_adv решать_v	1.8133355033838559	6.0	1970426	1.0	1165252
неуклонно_adv расти_v	1.8133355033838559	6.0	1970426	1.0	1165252
сильно_adv различаться_v	1.8133355033838559	6.0	1970426	1.0	1165252
напрямую_adv зависеть_v	1.8133355033838559	6.0	1970426	1.0	1165252
убедительно_adv показывать_v	1.8133355033838559	6.0	1970426	1.0	1165252
всегда_adv стремиться_v	1.8133355033838559	6.0	1970426	1.0	1165252
всегда_adv находиться_v	1.8133355033838559	6.0	1970426	1.0	1165252
также_adv иметь_v	1.7134172914482368	16.0	1970426	5.0	1165252
как_adv свидетельствовать_v	1.6123172039653615	11.0	1970426	3.0	1165252
как_adv видеть_v	1.6122532125968068	18.0	1970426	6.0	1165252
всегда_adv являться_v	1.6122532125968068	18.0	1970426	6.0	1165252
неизбежно_adv вести_v	1.3851142031394312	8.0	1970426	2.0	1165252
как_adv указывать_v	1.3851142031394312	8.0	1970426	2.0	1165252
где_adv действовать_v	1.2190381417909335	5.0	1970426	1.0	1165252
реально_adv существовать_partcp	1.2190381417909335	5.0	1970426	1.0	1165252
также_adv определяться_v	1.2190381417909335	5.0	1970426	1.0	1165252
существенно_adv повлиять_v	1.2190381417909335	5.0	1970426	1.0	1165252
более_adv приспособить_partcp	1.2190381417909335	5.0	1970426	1.0	1165252
где_adv отсутствовать_v	1.2190381417909335	5.0	1970426	1.0	1165252
часто_adv происходить_v	1.2190381417909335	5.0	1970426	1.0	1165252
бурно_adv развиваться_v	1.2190381417909335	5.0	1970426	1.0	1165252
прямо_adv указывать_v	1.2190381417909335	5.0	1970426	1.0	1165252
нужно_adv искать_v	1.2190381417909335	5.0	1970426	1.0	1165252
всегда_adv стоять_v	1.2190381417909335	5.0	1970426	1.0	1165252
нередко_adv использоваться_v	1.2190381417909335	5.0	1970426	1.0	1165252
впоследствии_adv быть_v	1.1860536862744118	10.0	1970426	3.0	1165252
поэтому_adv быть_v	1.1860536862744118	10.0	1970426	3.0	1165252
впервые_adv быть_v	1.1384810420652531	27.0	1970426	11.0	1165252
по-прежнему_adv оставаться_v	1.0748354750645377	12.0	1970426	4.0	1165252
всегда_adv оставаться_v	1.0748354750645377	12.0	1970426	4.0	1165252
короче_adv говорить_v	0.9364903739375046	18.0	1970426	7.0	1165252
надо_adv сказать_v	0.9364903739375046	18.0	1970426	7.0	1165252
постепенно_adv переходить_v	0.9292597796304145	7.0	1970426	2.0	1165252
постепенно_adv быть_v	0.9292597796304145	7.0	1970426	2.0	1165252
можно_adv расценивать_v	0.9292597796304145	7.0	1970426	2.0	1165252
как_adv быть_v	0.9106647772837766	30.0	1970426	13.0	1165252
всегда_adv быть_v	0.9034926963309093	57.0	1970426	41.0	1165252
можно_adv сравнить_v	0.8061266062984034	9.0	1970426	3.0	1165252
эффективно_adv использовать_v	0.8061266062984034	9.0	1970426	3.0	1165252
часто_adv становиться_v	0.8061266062984034	9.0	1970426	3.0	1165252
одновременно_adv быть_v	0.8061266062984034	9.0	1970426	3.0	1165252
здесь_adv иметь_v	0.8061266062984034	9.0	1970426	3.0	1165252
значительно_adv расшириться_v	0.8061266062984034	9.0	1970426	3.0	1165252
можно_adv предложить_v	0.8061266062984034	9.0	1970426	3.0	1165252
можно_adv признать_v	0.7429136490883868	11.0	1970426	4.0	1165252
здесь_adv следовать_v	0.7429136490883868	11.0	1970426	4.0	1165252
невозможно_adv быть_v	0.7082466401920491	13.0	1970426	5.0	1165252
нельзя_adv забывать_v	0.6820934050341592	5.0	1970426	5.0	1165252
можно_adv увидеть_v	0.6795042407458345	21.0	1970426	9.0	1165252
часто_adv употребляться_v	0.5374177375322688	6.0	1970426	2.0	1165252
всегда_adv оказываться_v	0.5374177375322688	6.0	1970426	2.0	1165252
постепенно_adv начинать_v	0.5374177375322688	6.0	1970426	2.0	1165252
также_adv существовать_v	0.5374177375322688	6.0	1970426	2.0	1165252
фактически_adv являться_v	0.5374177375322688	6.0	1970426	2.0	1165252
достаточно_adv быть_v	0.5374177375322688	6.0	1970426	2.0	1165252
особо_adv подчеркивать_v	0.5374177375322688	6.0	1970426	2.0	1165252
необходимо_adv подчеркнуть_v	0.5374177375322688	6.0	1970426	2.0	1165252
значительно_adv отличаться_v	0.5374177375322688	6.0	1970426	2.0	1165252
необходимо_adv быть_v	0.5044840357742477	24.0	1970426	11.0	1165252
можно_adv наблюдать_v	0.45226121621968973	12.0	1970426	5.0	1165252
одновременно_adv являться_v	0.23370015617253848	9.0	1970426	4.0	1165252
здесь_adv играть_v	0.22981450000460701	5.0	1970426	2.0	1165252
можно_adv дать_v	0.22981450000460701	5.0	1970426	2.0	1165252
можно_adv обеспечить_v	0.22981450000460701	5.0	1970426	2.0	1165252
можно_adv построить_v	0.22981450000460701	5.0	1970426	2.0	1165252
трудно_adv представить_v	0.22981450000460701	5.0	1970426	2.0	1165252
часто_adv приводить_v	0.22981450000460701	5.0	1970426	2.0	1165252
первоначально_adv быть_v	0.22650141358194453	7.0	1970426	3.0	1165252
неизбежно_adv приводить_v	0.22650141358194453	7.0	1970426	3.0	1165252
надо_adv делать_v	0.22650141358194453	7.0	1970426	3.0	1165252
пор_adv оставаться_v	0.22650141358194453	7.0	1970426	3.0	1165252
впервые_adv появиться_v	0.22650141358194453	7.0	1970426	3.0	1165252
также_adv находиться_v	0.22650141358194453	7.0	1970426	3.0	1165252
где_adv происходить_v	0.19991254546962733	5.0	1970426	4.0	1165252
также_adv привести_v	0.19991254546962733	5.0	1970426	4.0	1165252
надо_adv отметить_v	0.19100011033646047	8.0	1970426	6.0	1165252
еще_adv предстоять_v	0.19100011033646047	8.0	1970426	6.0	1165252
нельзя_adv сказать_v	0.15290963770184018	16.0	1970426	8.0	1165252
надо_adv признать_v	0.1146822282763802	12.0	1970426	6.0	1165252
можно_adv ожидать_v	0.10278125490643486	7.0	1970426	5.0	1165252
как_adv отмечать_v	0.09097012508760072	35.0	1970426	19.0	1165252
можно_adv сделать_v	0.07718060141770211	41.0	1970426	26.0	1165252
хорошо_adv понять_v	0.07645481885092009	8.0	1970426	4.0	1165252
специально_adv создать_partcp	0.07645481885092009	8.0	1970426	4.0	1165252
еще_adv оставаться_v	0.07645481885092009	8.0	1970426	4.0	1165252
можно_adv проследить_v	0.07645481885092009	8.0	1970426	4.0	1165252
фактически_adv быть_v	0.0573411141381901	6.0	1970426	3.0	1165252
также_adv использовать_v	0.0573411141381901	6.0	1970426	3.0	1165252
тесно_adv связать_partcp	0.0573411141381901	6.0	1970426	3.0	1165252
негативно_adv сказаться_v	0.0573411141381901	6.0	1970426	3.0	1165252
можно_adv добиться_v	0.0573411141381901	6.0	1970426	3.0	1165252
ранее_adv быть_v	0.04033412875095688	13.0	1970426	7.0	1165252
исторически_adv сложиться_partcp	0.03417889527131035	6.0	1970426	4.0	1165252
ли_adv мочь_v	0.025556910044115644	11.0	1970426	6.0	1165252
достаточно_adv вспомнить_v	0.022871871742879635	11.0	1970426	7.0	1165252
часто_adv встречаться_v	0.014496068179386978	16.0	1970426	9.0	1165252
также_adv считать_v	0.012618548338752256	9.0	1970426	5.0	1165252
можно_adv объяснить_v	0.012618548338752256	9.0	1970426	5.0	1165252
активно_adv участвовать_v	0.003146235752263471	19.0	1970426	11.0	1165252
как_adv отмечаться_v	0.0008288522629185391	12.0	1970426	7.0	1165252
можно_adv заметить_v	0.0008288522629185391	12.0	1970426	7.0	1165252
здесь_adv находиться_v	0.0003930216821139282	5.0	1970426	3.0	1165252
постоянно_adv расти_v	0.0003930216821139282	5.0	1970426	3.0	1165252
