ngram	g2	freq_corp	size_corp	freq_ref	size_ref
язык_s быть_v	60.247361497756984	153.0	1970426	19.0	1165252
язык_s являться_v	54.83504962271404	104.0	1970426	8.0	1165252
язык_s мочь_v	41.127615564104886	90.0	1970426	9.0	1165252
федерация_s являться_v	33.27329749182957	44.0	1970426	1.0	1165252
внимание_s уделяться_v	31.35475710139501	57.0	1970426	4.0	1165252
что_s касаться_v	29.714555041989875	67.0	1970426	94.0	1165252
значение_s иметь_v	29.055428812188403	66.0	1970426	7.0	1165252
место_s занимать_v	28.390317908412992	44.0	1970426	2.0	1165252
слово_s мочь_v	28.158480598895544	61.0	1970426	6.0	1165252
слово_s являться_v	27.987825660034293	38.0	1970426	1.0	1165252
федерация_s мочь_v	26.236141329638716	36.0	1970426	1.0	1165252
государство_s мочь_v	25.87876418700464	41.0	1970426	2.0	1165252
организация_s мочь_v	24.490472043641432	34.0	1970426	1.0	1165252
государство_s быть_v	24.038734527107085	59.0	1970426	7.0	1165252
область_s быть_v	23.066588663397546	6.0	1970426	24.0	1165252
язык_s существовать_v	21.652488148320423	59.0	1970426	8.0	1165252
что_s быть_v	21.227565925188696	22.0	1970426	42.0	1165252
информация_s мочь_v	21.020191650711695	30.0	1970426	1.0	1165252
власть_s мочь_v	20.10387759331188	34.0	1970426	2.0	1165252
человек_s быть_v	20.050312805003866	23.0	1970426	42.0	1165252
автор_s приходить_v	15.883200174942827	24.0	1970426	1.0	1165252
государство_s являться_v	15.883200174942827	24.0	1970426	1.0	1165252
страна_s быть_v	15.520759483246632	70.0	1970426	15.0	1165252
распространение_s получить_v	15.037366326455974	23.0	1970426	1.0	1165252
значение_s мочь_v	14.45074366050843	31.0	1970426	3.0	1165252
предприятие_s быть_v	14.195158954206496	22.0	1970426	1.0	1165252
политика_s являться_v	13.70876240567851	26.0	1970426	2.0	1165252
случай_s мочь_v	13.35690806456436	21.0	1970426	1.0	1165252
роль_s играть_v	13.285761462128	49.0	1970426	9.0	1165252
система_s являться_v	12.973730393891339	29.0	1970426	3.0	1165252
система_s мочь_v	12.930604166314136	25.0	1970426	2.0	1165252
производство_s быть_v	12.158376255487198	24.0	1970426	2.0	1165252
многое_s зависеть_v	12.137140364134478	38.0	1970426	6.0	1165252
язык_s выступать_v	11.6938412716416	19.0	1970426	1.0	1165252
система_s быть_v	11.539545638391177	46.0	1970426	9.0	1165252
язык_s иметь_v	10.880013020303133	36.0	1970426	6.0	1165252
лицо_s мочь_v	10.633713844497402	22.0	1970426	2.0	1165252
дело_s быть_v	10.523310820223081	13.0	1970426	23.0	1165252
значение_s приобретать_v	10.05193879665594	17.0	1970426	1.0	1165252
язык_s обладать_v	10.05193879665594	17.0	1970426	1.0	1165252
отношение_s являться_v	9.882446893840775	21.0	1970426	2.0	1165252
документ_s быть_v	9.54564378956086	10.0	1970426	19.0	1165252
слово_s иметь_v	9.403106570150992	24.0	1970426	3.0	1165252
пример_s мочь_v	9.403106570150992	24.0	1970426	3.0	1165252
банк_s быть_v	9.240462485533177	16.0	1970426	1.0	1165252
язык_s различаться_v	9.240462485533177	16.0	1970426	1.0	1165252
что_s свидетельствовать_v	9.240462485533177	16.0	1970426	1.0	1165252
язык_s относиться_v	9.16576874650514	27.0	1970426	4.0	1165252
влияние_s оказывать_v	9.139470125356642	20.0	1970426	2.0	1165252
народ_s быть_v	9.139470125356642	20.0	1970426	2.0	1165252
россия_s являться_v	9.066677516919288	30.0	1970426	5.0	1165252
развитие_s являться_v	8.436352681929831	15.0	1970426	1.0	1165252
степень_s зависеть_v	8.436352681929831	15.0	1970426	1.0	1165252
суд_s мочь_v	8.436352681929831	15.0	1970426	1.0	1165252
анализ_s показывать_v	8.436352681929831	15.0	1970426	1.0	1165252
подход_s быть_v	8.436352681929831	15.0	1970426	1.0	1165252
процесс_s быть_v	8.405594643668874	19.0	1970426	2.0	1165252
наука_s являться_v	8.405594643668874	19.0	1970426	2.0	1165252
регион_s быть_v	7.806634681656062	5.0	1970426	12.0	1165252
основание_s полагать_v	7.6817568505952	18.0	1970426	2.0	1165252
отношение_s мочь_v	7.640593645462475	14.0	1970426	1.0	1165252
слово_s относиться_v	7.640593645462475	14.0	1970426	1.0	1165252
экономика_s являться_v	6.969045686844533	17.0	1970426	2.0	1165252
экономика_s мочь_v	6.854381202839255	13.0	1970426	1.0	1165252
собственность_s быть_v	6.854381202839255	13.0	1970426	1.0	1165252
автор_s предлагать_v	6.854381202839255	13.0	1970426	1.0	1165252
исследование_s мочь_v	6.854381202839255	13.0	1970426	1.0	1165252
государство_s стать_v	6.854381202839255	13.0	1970426	1.0	1165252
кто_s быть_v	6.695173924249103	16.0	1970426	22.0	1165252
ссср_s быть_v	6.666246975546946	26.0	1970426	5.0	1165252
период_s быть_v	6.666246975546946	26.0	1970426	5.0	1165252
земля_s быть_v	6.638562583917577	23.0	1970426	4.0	1165252
жизнь_s быть_v	6.549169582534933	5.0	1970426	11.0	1165252
кто_s хотеть_v	6.418430912936131	6.0	1970426	12.0	1165252
основание_s считать_v	6.268737713433998	16.0	1970426	2.0	1165252
время_s мочь_v	6.268737713433998	16.0	1970426	2.0	1165252
ситуация_s мочь_v	6.268737713433998	16.0	1970426	2.0	1165252
право_s быть_v	6.095190708954668	25.0	1970426	5.0	1165252
информация_s являться_v	6.079188127743599	12.0	1970426	1.0	1165252
процесс_s мочь_v	6.079188127743599	12.0	1970426	1.0	1165252
опыт_s показать_v	6.079188127743599	12.0	1970426	1.0	1165252
страна_s иметь_v	6.079188127743599	12.0	1970426	1.0	1165252
язык_s находиться_v	6.079188127743599	12.0	1970426	1.0	1165252
идея_s быть_v	6.079188127743599	12.0	1970426	1.0	1165252
язык_s принадлежать_v	6.079188127743599	12.0	1970426	1.0	1165252
орган_s мочь_v	6.079188127743599	12.0	1970426	1.0	1165252
положение_s быть_v	6.068570182067239	19.0	1970426	3.0	1165252
война_s быть_v	5.6738672935972865	27.0	1970426	6.0	1165252
население_s быть_v	5.582342909942885	15.0	1970426	2.0	1165252
проблема_s являться_v	5.582342909942885	15.0	1970426	2.0	1165252
группа_s мочь_v	5.582342909942885	15.0	1970426	2.0	1165252
исследование_s являться_v	5.582342909942885	15.0	1970426	2.0	1165252
страна_s являться_v	5.582342909942885	15.0	1970426	2.0	1165252
экономика_s быть_v	5.448787933914207	21.0	1970426	4.0	1165252
тип_s являться_v	5.316856922248701	11.0	1970426	1.0	1165252
роль_s отводиться_v	5.316856922248701	11.0	1970426	1.0	1165252
закон_s мочь_v	5.316856922248701	11.0	1970426	1.0	1165252
положение_s мочь_v	5.316856922248701	11.0	1970426	1.0	1165252
право_s мочь_v	5.316856922248701	11.0	1970426	1.0	1165252
система_s оказаться_v	5.316856922248701	11.0	1970426	1.0	1165252
процесс_s являться_v	5.316856922248701	11.0	1970426	1.0	1165252
сша_s быть_v	5.152906472850782	26.0	1970426	6.0	1165252
роль_s принадлежать_v	4.91166538110718	14.0	1970426	2.0	1165252
теория_s быть_v	4.91166538110718	14.0	1970426	2.0	1165252
германия_s быть_v	4.91166538110718	14.0	1970426	2.0	1165252
язык_s представлять_v	4.600627500544155	30.0	1970426	8.0	1165252
язык_s давать_v	4.569735062678321	10.0	1970426	1.0	1165252
человек_s являться_v	4.569735062678321	10.0	1970426	1.0	1165252
земля_s мочь_v	4.569735062678321	10.0	1970426	1.0	1165252
литература_s существовать_v	4.569735062678321	10.0	1970426	1.0	1165252
язык_s возникать_v	4.569735062678321	10.0	1970426	1.0	1165252
предложение_s иметь_v	4.569735062678321	10.0	1970426	1.0	1165252
внимание_s заслуживать_v	4.569735062678321	10.0	1970426	1.0	1165252
решение_s быть_v	4.343193235625661	17.0	1970426	20.0	1165252
сталь_s появляться_v	4.270856913649122	8.0	1970426	12.0	1165252
земля_s являться_v	4.258885213251596	13.0	1970426	2.0	1165252
страна_s стать_v	4.258885213251596	13.0	1970426	2.0	1165252
развитие_s быть_v	4.258885213251596	13.0	1970426	2.0	1165252
действие_s мочь_v	4.258885213251596	13.0	1970426	2.0	1165252
направление_s быть_v	4.232340891151683	16.0	1970426	3.0	1165252
речь_s быть_v	4.232340891151683	16.0	1970426	3.0	1165252
предложение_s мочь_v	4.232340891151683	16.0	1970426	3.0	1165252
предложение_s быть_v	4.225370994849374	7.0	1970426	11.0	1165252
вопрос_s являться_v	3.8408784252976	9.0	1970426	1.0	1165252
автор_s анализировать_v	3.8408784252976	9.0	1970426	1.0	1165252
договор_s предусматривать_v	3.8408784252976	9.0	1970426	1.0	1165252
сталь_s возникать_v	3.8408784252976	9.0	1970426	1.0	1165252
категория_s являться_v	3.8408784252976	9.0	1970426	1.0	1165252
функция_s выполнять_v	3.8408784252976	9.0	1970426	1.0	1165252
акт_s мочь_v	3.8408784252976	9.0	1970426	1.0	1165252
автор_s рассматривать_v	3.8408784252976	9.0	1970426	1.0	1165252
смысл_s мочь_v	3.8408784252976	9.0	1970426	1.0	1165252
план_s выдвигаться_v	3.8408784252976	9.0	1970426	1.0	1165252
изменение_s быть_v	3.8408784252976	9.0	1970426	1.0	1165252
речь_s пойти_v	3.8408784252976	9.0	1970426	1.0	1165252
статья_s быть_v	3.8408784252976	9.0	1970426	1.0	1165252
субъект_s мочь_v	3.8408784252976	9.0	1970426	1.0	1165252
многое_s определяться_v	3.6266710067677117	12.0	1970426	2.0	1165252
дело_s являться_v	3.6266710067677117	12.0	1970426	2.0	1165252
товар_s быть_v	3.6266710067677117	12.0	1970426	2.0	1165252
интерес_s представлять_v	3.467930975958108	25.0	1970426	7.0	1165252
практика_s показывать_v	3.265182861528081	17.0	1970426	4.0	1165252
тип_s мочь_v	3.134368856716999	8.0	1970426	1.0	1165252
рф_s являться_v	3.134368856716999	8.0	1970426	1.0	1165252
язык_s лежать_v	3.134368856716999	8.0	1970426	1.0	1165252
наука_s быть_v	3.134368856716999	8.0	1970426	1.0	1165252
федерация_s быть_v	3.134368856716999	8.0	1970426	1.0	1165252
действие_s являться_v	3.134368856716999	8.0	1970426	1.0	1165252
кто_s иметь_v	3.134368856716999	8.0	1970426	1.0	1165252
последствие_s мочь_v	3.134368856716999	8.0	1970426	1.0	1165252
обстоятельство_s мочь_v	3.134368856716999	8.0	1970426	1.0	1165252
система_s иметь_v	3.134368856716999	8.0	1970426	1.0	1165252
труд_s быть_v	3.1041518966493262	14.0	1970426	3.0	1165252
слово_s быть_v	3.0414233791179006	24.0	1970426	7.0	1165252
страна_s становиться_v	3.0183380374121485	11.0	1970426	2.0	1165252
мера_s мочь_v	3.0183380374121485	11.0	1970426	2.0	1165252
возможность_s получить_v	3.0183380374121485	11.0	1970426	2.0	1165252
вопрос_s быть_v	2.978065870004775	12.0	1970426	14.0	1165252
работа_s быть_v	2.941214625118354	17.0	1970426	18.0	1165252
китай_s быть_v	2.539552538150036	18.0	1970426	5.0	1165252
период_s мочь_v	2.45583269055359	7.0	1970426	1.0	1165252
цель_s мочь_v	2.45583269055359	7.0	1970426	1.0	1165252
ученый_s считать_v	2.45583269055359	7.0	1970426	1.0	1165252
рынок_s мочь_v	2.45583269055359	7.0	1970426	1.0	1165252
россия_s иметь_v	2.45583269055359	7.0	1970426	1.0	1165252
различие_s мочь_v	2.45583269055359	7.0	1970426	1.0	1165252
практика_s существовать_v	2.45583269055359	7.0	1970426	1.0	1165252
значение_s быть_v	2.45583269055359	7.0	1970426	1.0	1165252
право_s принимать_v	2.45583269055359	7.0	1970426	1.0	1165252
акт_s быть_v	2.45583269055359	7.0	1970426	1.0	1165252
орган_s принимать_v	2.45583269055359	7.0	1970426	1.0	1165252
вещь_s мочь_v	2.45583269055359	7.0	1970426	1.0	1165252
явление_s быть_v	2.45583269055359	7.0	1970426	1.0	1165252
человек_s понимать_v	2.45583269055359	7.0	1970426	1.0	1165252
рост_s быть_v	2.45583269055359	7.0	1970426	1.0	1165252
принцип_s являться_v	2.45583269055359	7.0	1970426	1.0	1165252
исследование_s позволять_v	2.45583269055359	7.0	1970426	1.0	1165252
ресурс_s мочь_v	2.438076283581867	10.0	1970426	2.0	1165252
основа_s лежать_v	2.438076283581867	10.0	1970426	2.0	1165252
система_s представлять_v	2.438076283581867	10.0	1970426	2.0	1165252
группа_s являться_v	2.438076283581867	10.0	1970426	2.0	1165252
что_s мочь_v	2.3926293739028646	7.0	1970426	9.0	1165252
страна_s мочь_v	2.3003137502720774	15.0	1970426	4.0	1165252
общество_s являться_v	2.3003137502720774	15.0	1970426	4.0	1165252
исключение_s составлять_v	2.3003137502720774	15.0	1970426	4.0	1165252
москва_s быть_v	2.137619191459634	11.0	1970426	12.0	1165252
отношение_s быть_v	2.113097625539446	17.0	1970426	5.0	1165252
условие_s мочь_v	2.077671304709148	12.0	1970426	3.0	1165252
мир_s мочь_v	2.077671304709148	12.0	1970426	3.0	1165252
общество_s быть_v	1.9795350611859597	19.0	1970426	6.0	1165252
цена_s быть_v	1.9795350611859597	19.0	1970426	6.0	1165252
политика_s быть_v	1.9795350611859597	19.0	1970426	6.0	1165252
знак_s являться_v	1.8912890978657626	9.0	1970426	2.0	1165252
случай_s говорить_v	1.8912890978657626	9.0	1970426	2.0	1165252
возможность_s использовать_v	1.8912890978657626	9.0	1970426	2.0	1165252
ресурс_s быть_v	1.8912890978657626	9.0	1970426	2.0	1165252
время_s стать_v	1.873945764839264	9.0	1970426	10.0	1165252
зрение_s придерживаться_v	1.8133355033838559	6.0	1970426	1.0	1165252
анализ_s получить_partcp	1.8133355033838559	6.0	1970426	1.0	1165252
сфера_s мочь_v	1.8133355033838559	6.0	1970426	1.0	1165252
метод_s иметь_v	1.8133355033838559	6.0	1970426	1.0	1165252
руководство_s быть_v	1.8133355033838559	6.0	1970426	1.0	1165252
автор_s обращаться_v	1.8133355033838559	6.0	1970426	1.0	1165252
требование_s быть_v	1.8133355033838559	6.0	1970426	1.0	1165252
норма_s мочь_v	1.8133355033838559	6.0	1970426	1.0	1165252
смысл_s являться_v	1.8133355033838559	6.0	1970426	1.0	1165252
страна_s появиться_v	1.8133355033838559	6.0	1970426	1.0	1165252
законодательство_s быть_v	1.8133355033838559	6.0	1970426	1.0	1165252
коммуникация_s являться_v	1.8133355033838559	6.0	1970426	1.0	1165252
язык_s оказаться_v	1.8133355033838559	6.0	1970426	1.0	1165252
средство_s мочь_v	1.8133355033838559	6.0	1970426	1.0	1165252
язык_s служить_v	1.8133355033838559	6.0	1970426	1.0	1165252
человек_s становиться_v	1.6123172039653615	11.0	1970426	3.0	1165252
что_s отличаться_v	1.6123172039653615	11.0	1970426	3.0	1165252
кто_s говорить_v	1.4890329350023874	6.0	1970426	7.0	1165252
партия_s быть_v	1.4485358991491335	13.0	1970426	4.0	1165252
общество_s мочь_v	1.4485358991491335	13.0	1970426	4.0	1165252
человек_s говорить_v	1.4485358991491335	13.0	1970426	4.0	1165252
исследование_s стать_v	1.3851142031394312	8.0	1970426	2.0	1165252
проблема_s мочь_v	1.3851142031394312	8.0	1970426	2.0	1165252
гражданин_s быть_v	1.3851142031394312	8.0	1970426	2.0	1165252
время_s происходить_v	1.3851142031394312	8.0	1970426	2.0	1165252
внимание_s быть_v	1.3851142031394312	8.0	1970426	2.0	1165252
термин_s быть_v	1.3851142031394312	8.0	1970426	2.0	1165252
закон_s быть_v	1.2571556229643317	17.0	1970426	15.0	1165252
роль_s сыграть_v	1.2237508755282747	19.0	1970426	7.0	1165252
право_s выступать_v	1.2190381417909335	5.0	1970426	1.0	1165252
содержание_s быть_v	1.2190381417909335	5.0	1970426	1.0	1165252
норма_s быть_v	1.2190381417909335	5.0	1970426	1.0	1165252
возможность_s быть_v	1.2190381417909335	5.0	1970426	1.0	1165252
случай_s происходить_v	1.2190381417909335	5.0	1970426	1.0	1165252
сталь_s уделять_v	1.2190381417909335	5.0	1970426	1.0	1165252
часть_s являться_v	1.2190381417909335	5.0	1970426	1.0	1165252
возможность_s получать_v	1.2190381417909335	5.0	1970426	1.0	1165252
образ_s отличаться_v	1.2190381417909335	5.0	1970426	1.0	1165252
документ_s являться_v	1.2190381417909335	5.0	1970426	1.0	1165252
случай_s идти_v	1.2190381417909335	5.0	1970426	1.0	1165252
основание_s утверждать_v	1.2190381417909335	5.0	1970426	1.0	1165252
вопрос_s относиться_v	1.2190381417909335	5.0	1970426	1.0	1165252
цель_s быть_v	1.1893951840734704	21.0	1970426	8.0	1165252
человек_s получать_v	1.1860536862744118	10.0	1970426	3.0	1165252
цель_s являться_v	1.1860536862744118	10.0	1970426	3.0	1165252
основа_s быть_v	1.1860536862744118	10.0	1970426	3.0	1165252
фактор_s являться_v	1.1860536862744118	10.0	1970426	3.0	1165252
власть_s быть_v	1.165423532119771	23.0	1970426	9.0	1165252
время_s быть_v	1.1460006620187482	48.0	1970426	36.0	1165252
действие_s быть_v	1.0913494480546544	8.0	1970426	8.0	1165252
группа_s быть_v	1.0869944106830083	12.0	1970426	11.0	1165252
деньги_s быть_v	1.0748354750645377	12.0	1970426	4.0	1165252
государство_s иметь_v	1.0748354750645377	12.0	1970426	4.0	1165252
кто_s являться_v	1.0748354750645377	12.0	1970426	4.0	1165252
организация_s объединить_partcp	1.0748354750645377	12.0	1970426	4.0	1165252
мир_s существовать_v	1.0070619625915196	14.0	1970426	5.0	1165252
республика_s быть_v	0.9549307670478226	7.0	1970426	7.0	1165252
функция_s являться_v	0.9292597796304145	7.0	1970426	2.0	1165252
автор_s быть_v	0.9292597796304145	7.0	1970426	2.0	1165252
страна_s составлять_v	0.9292597796304145	7.0	1970426	2.0	1165252
зрение_s быть_v	0.9292597796304145	7.0	1970426	2.0	1165252
этап_s быть_v	0.9292597796304145	7.0	1970426	2.0	1165252
задача_s являться_v	0.9292597796304145	7.0	1970426	2.0	1165252
человек_s использовать_v	0.9292597796304145	7.0	1970426	2.0	1165252
проект_s быть_v	0.8768163084515237	14.0	1970426	12.0	1165252
операция_s быть_v	0.8185120860409909	6.0	1970426	6.0	1165252
место_s быть_v	0.8185120860409909	6.0	1970426	6.0	1165252
предпочтение_s отдаваться_v	0.8061266062984034	9.0	1970426	3.0	1165252
культура_s являться_v	0.8061266062984034	9.0	1970426	3.0	1165252
ситуация_s наблюдаться_v	0.8061266062984034	9.0	1970426	3.0	1165252
человек_s мочь_v	0.7935927202814055	41.0	1970426	19.0	1165252
степень_s быть_v	0.7429136490883868	11.0	1970426	4.0	1165252
исследование_s показать_v	0.7082466401920491	13.0	1970426	5.0	1165252
программа_s быть_v	0.689443500013819	15.0	1970426	6.0	1165252
средство_s быть_v	0.6820934050341592	5.0	1970426	5.0	1165252
рынок_s быть_v	0.6803768630605753	17.0	1970426	7.0	1165252
суд_s быть_v	0.5645438545467454	8.0	1970426	7.0	1165252
образ_s быть_v	0.5374177375322688	6.0	1970426	2.0	1165252
позиция_s быть_v	0.5374177375322688	6.0	1970426	2.0	1165252
что_s происходить_v	0.5374177375322688	6.0	1970426	2.0	1165252
целое_s быть_v	0.5374177375322688	6.0	1970426	2.0	1165252
правительство_s мочь_v	0.5374177375322688	6.0	1970426	2.0	1165252
условие_s быть_v	0.5374177375322688	6.0	1970426	2.0	1165252
место_s принадлежать_v	0.5374177375322688	6.0	1970426	2.0	1165252
решение_s мочь_v	0.5374177375322688	6.0	1970426	2.0	1165252
речь_s идти_v	0.5334327484086963	183.0	1970426	118.0	1165252
успех_s быть_v	0.48202116323669175	8.0	1970426	3.0	1165252
проблема_s заключаться_v	0.48202116323669175	8.0	1970426	3.0	1165252
язык_s стать_v	0.48202116323669175	8.0	1970426	3.0	1165252
право_s считаться_v	0.48202116323669175	8.0	1970426	3.0	1165252
речь_s мочь_v	0.48202116323669175	8.0	1970426	3.0	1165252
ситуация_s измениться_v	0.45962900000921403	10.0	1970426	4.0	1165252
семья_s быть_v	0.45962900000921403	10.0	1970426	4.0	1165252
рф_s быть_v	0.45226121621968973	12.0	1970426	5.0	1165252
ситуация_s быть_v	0.385299187311094	13.0	1970426	10.0	1165252
кто_s заниматься_v	0.31602508098157056	6.0	1970426	5.0	1165252
россия_s появиться_v	0.31602508098157056	6.0	1970426	5.0	1165252
исследование_s быть_v	0.259499314536515	13.0	1970426	6.0	1165252
многое_s быть_v	0.23370015617253848	9.0	1970426	4.0	1165252
вопрос_s мочь_v	0.23370015617253848	9.0	1970426	4.0	1165252
принцип_s быть_v	0.23370015617253848	9.0	1970426	4.0	1165252
эпоха_s быть_v	0.22981450000460701	5.0	1970426	2.0	1165252
мир_s стать_v	0.22981450000460701	5.0	1970426	2.0	1165252
университет_s быть_v	0.22981450000460701	5.0	1970426	2.0	1165252
тенденция_s проявляться_v	0.22981450000460701	5.0	1970426	2.0	1165252
процесс_s идти_v	0.22981450000460701	5.0	1970426	2.0	1165252
анализ_s позволять_v	0.22981450000460701	5.0	1970426	2.0	1165252
модель_s быть_v	0.22981450000460701	5.0	1970426	2.0	1165252
мир_s являться_v	0.22650141358194453	7.0	1970426	3.0	1165252
группа_s составлять_v	0.22650141358194453	7.0	1970426	3.0	1165252
случай_s иметь_v	0.22650141358194453	7.0	1970426	3.0	1165252
время_s оставаться_v	0.19100011033646047	8.0	1970426	6.0	1165252
результат_s быть_v	0.1625108327581266	19.0	1970426	13.0	1165252
дело_s обстоять_v	0.1146822282763802	12.0	1970426	6.0	1165252
эксперт_s отмечать_v	0.10278125490643486	7.0	1970426	5.0	1165252
сторона_s быть_v	0.0683577905426207	12.0	1970426	8.0	1165252
результат_s провести_partcp	0.0573411141381901	6.0	1970426	3.0	1165252
проблема_s быть_v	0.05126834290696791	9.0	1970426	6.0	1165252
россия_s быть_v	0.043488204538161046	48.0	1970426	27.0	1165252
мир_s быть_v	0.04033412875095688	13.0	1970426	7.0	1165252
кто_s считать_v	0.03417889527131035	6.0	1970426	4.0	1165252
часть_s быть_v	0.03417889527131035	6.0	1970426	4.0	1165252
организация_s быть_v	0.025556910044115644	11.0	1970426	6.0	1165252
время_s являться_v	0.012618548338752256	9.0	1970426	5.0	1165252
уровень_s быть_v	0.012618548338752256	9.0	1970426	5.0	1165252
случай_s быть_v	0.007821358641436293	13.0	1970426	8.0	1165252
правительство_s быть_v	0.0011790650463417984	15.0	1970426	9.0	1165252
культура_s быть_v	0.0007860433642278564	10.0	1970426	6.0	1165252
ситуация_s сложиться_v	0.0003930216821139282	5.0	1970426	3.0	1165252
основание_s предполагать_v	0.0003930216821139282	5.0	1970426	3.0	1165252
образ_s мочь_v	0.0003930216821139282	5.0	1970426	3.0	1165252
необходимость_s иметь_v	0.0003930216821139282	5.0	1970426	3.0	1165252
ученый_s быть_v	0.0003930216821139282	5.0	1970426	3.0	1165252
ценность_s быть_v	0.0003930216821139282	5.0	1970426	3.0	1165252
выборы_s быть_v	0.0003930216821139282	5.0	1970426	3.0	1165252
результат_s стать_v	0.0003930216821139282	5.0	1970426	3.0	1165252
