ngram	g2	freq_corp	size_corp	freq_ref	size_ref
спрос_s на_pr	230.35859443867892	329.0	1970426	11.0	1165252
зависимость_s от_pr	222.57223319517266	529.0	1970426	60.0	1165252
встреча_s с_pr	186.1677873694088	9.0	1970426	123.0	1165252
управление_s в_pr	182.82876922118882	217.0	1970426	2.0	1165252
влияние_s на_pr	172.64719814253846	412.0	1970426	47.0	1165252
право_s на_pr	172.55239969139086	517.0	1970426	78.0	1165252
закон_s от_pr	170.790203499592	225.0	1970426	5.0	1165252
контроль_s за_pr	155.70728296829571	313.0	1970426	27.0	1165252
отношение_s в_pr	154.66599642115597	269.0	1970426	17.0	1165252
язык_s в_pr	153.17506886628817	412.0	1970426	55.0	1165252
дело_s об_pr	131.46584987062033	277.0	1970426	26.0	1165252
федерация_s в_pr	122.8580050410324	202.0	1970426	11.0	1165252
государство_s в_pr	122.18998731728932	287.0	1970426	32.0	1165252
воздействие_s на_pr	119.27235892092352	249.0	1970426	23.0	1165252
функция_s по_pr	108.55878675195237	154.0	1970426	5.0	1165252
собственность_s на_pr	107.21607946811984	158.0	1970426	6.0	1165252
деятельность_s в_pr	105.72401511949752	227.0	1970426	22.0	1165252
различие_s между_pr	101.04230648404834	201.0	1970426	17.0	1165252
переход_s к_pr	101.02028152272524	209.0	1970426	19.0	1165252
производство_s по_pr	100.83748073173496	175.0	1970426	11.0	1165252
подход_s к_pr	94.97108023408094	310.0	1970426	51.0	1165252
рф_s от_pr	93.26034873819816	118.0	1970426	2.0	1165252
труд_s в_pr	90.11475443183998	121.0	1970426	3.0	1165252
различие_s в_pr	89.88835205722893	170.0	1970426	13.0	1165252
изменение_s в_pr	87.59058214520537	396.0	1970426	85.0	1165252
затрата_s на_pr	86.70446196305052	186.0	1970426	18.0	1165252
отношение_s между_pr	84.5380084550346	311.0	1970426	57.0	1165252
право_s в_pr	83.66185069589719	125.0	1970426	5.0	1165252
связь_s между_pr	82.08496502973273	252.0	1970426	39.0	1165252
служба_s по_pr	81.6336299486224	194.0	1970426	22.0	1165252
производство_s в_pr	81.54992705617659	142.0	1970426	9.0	1165252
положение_s о_pr	79.31528380461555	148.0	1970426	11.0	1165252
политика_s в_pr	77.79314663277444	185.0	1970426	21.0	1165252
продукция_s в_pr	76.87640882665374	117.0	1970426	5.0	1165252
функция_s в_pr	76.30154664324183	99.0	1970426	2.0	1165252
переход_s от_pr	76.03507892118398	148.0	1970426	12.0	1165252
слово_s в_pr	73.979636258683	217.0	1970426	32.0	1165252
представление_s о_pr	70.73424419067638	267.0	1970426	50.0	1165252
требование_s к_pr	69.28520039345949	151.0	1970426	15.0	1165252
потребность_s в_pr	69.18355666995791	135.0	1970426	11.0	1165252
значение_s для_pr	67.49082145543865	120.0	1970426	8.0	1165252
хозяйство_s в_pr	65.49170166170796	113.0	1970426	7.0	1165252
тенденция_s к_pr	62.371814069535986	134.0	1970426	13.0	1165252
доступ_s к_pr	61.20489208112346	188.0	1970426	238.0	1165252
гражданин_s в_pr	60.90906933451716	116.0	1970426	9.0	1165252
условие_s для_pr	60.39251525759133	223.0	1970426	41.0	1165252
основание_s для_pr	60.05091588734987	163.0	1970426	22.0	1165252
надзор_s в_pr	58.75181771820747	85.0	1970426	3.0	1165252
регулирование_s в_pr	58.610332126681854	79.0	1970426	2.0	1165252
система_s в_pr	57.80297464203372	124.0	1970426	12.0	1165252
расчет_s на_pr	57.061077481862355	98.0	1970426	6.0	1165252
расход_s на_pr	56.77236079636501	141.0	1970426	17.0	1165252
экономика_s в_pr	56.25372056979347	110.0	1970426	9.0	1165252
визит_s в_pr	56.20268713842563	7.0	1970426	46.0	1165252
обвинение_s в_pr	56.13630971693451	15.0	1970426	59.0	1165252
роль_s в_pr	55.925304888934676	344.0	1970426	89.0	1165252
деятельность_s по_pr	54.276036918010675	99.0	1970426	7.0	1165252
наука_s о_pr	54.272046273463815	123.0	1970426	13.0	1165252
налог_s на_pr	54.272046273463815	123.0	1970426	13.0	1165252
слово_s с_pr	52.22108317401714	92.0	1970426	6.0	1165252
ресурс_s в_pr	51.661298078311034	108.0	1970426	10.0	1165252
переговоры_s с_pr	49.97760877069467	13.0	1970426	52.0	1165252
лицо_s без_pr	49.44547812149439	84.0	1970426	5.0	1165252
соответствие_s со_pr	49.40340688934113	97.0	1970426	8.0	1165252
ребенок_s в_pr	47.10752351078142	15.0	1970426	53.0	1165252
развитие_s в_pr	46.59550988976963	105.0	1970426	11.0	1165252
комитет_s по_pr	45.560722907536466	30.0	1970426	71.0	1165252
сведение_s о_pr	45.25958032910132	162.0	1970426	29.0	1165252
гражданин_s на_pr	43.769711278386005	62.0	1970426	2.0	1165252
надзор_s за_pr	43.3243316121606	85.0	1970426	7.0	1165252
отказ_s в_pr	42.65952786411041	71.0	1970426	4.0	1165252
вывод_s о_pr	42.39393878366538	136.0	1970426	22.0	1165252
общество_s в_pr	42.207265048361876	113.0	1970426	15.0	1165252
исследование_s в_pr	42.138268072274634	106.0	1970426	13.0	1165252
ссылка_s на_pr	42.08756210019649	64.0	1970426	104.0	1165252
договор_s в_pr	41.840711136148336	70.0	1970426	4.0	1165252
мера_s по_pr	41.45659476920916	195.0	1970426	43.0	1165252
тенденция_s в_pr	41.177315220858596	59.0	1970426	2.0	1165252
труд_s на_pr	41.177315220858596	59.0	1970426	2.0	1165252
процесс_s в_pr	41.08808318335908	118.0	1970426	17.0	1165252
противоречие_s между_pr	41.0283620580224	86.0	1970426	8.0	1165252
имущество_s в_pr	40.37616817217484	52.0	1970426	1.0	1165252
конвенция_s о_pr	40.37616817217484	52.0	1970426	1.0	1165252
закон_s о_pr	40.05695151843341	211.0	1970426	50.0	1165252
любовь_s к_pr	39.248103132574926	9.0	1970426	39.0	1165252
поправка_s в_pr	38.69362286839767	5.0	1970426	32.0	1165252
предложение_s на_pr	38.59493447437476	56.0	1970426	2.0	1165252
орган_s по_pr	38.40136875248414	61.0	1970426	3.0	1165252
человек_s к_pr	38.20296822731238	70.0	1970426	5.0	1165252
государство_s на_pr	37.21799845574088	77.0	1970426	7.0	1165252
основа_s для_pr	36.83749035830382	105.0	1970426	15.0	1165252
друг_s от_pr	36.26671006767715	120.0	1970426	20.0	1165252
полномочие_s в_pr	36.1548363917539	63.0	1970426	4.0	1165252
друг_s с_pr	35.93449285944949	171.0	1970426	38.0	1165252
язык_s на_pr	35.61499094787817	122.0	1970426	21.0	1165252
страна_s с_pr	35.61499094787817	122.0	1970426	21.0	1165252
предложение_s в_pr	35.08152381492482	57.0	1970426	3.0	1165252
налог_s с_pr	34.54655558505138	61.0	1970426	4.0	1165252
ориентация_s на_pr	34.27190601419628	65.0	1970426	5.0	1165252
законодательство_s о_pr	34.27190601419628	65.0	1970426	5.0	1165252
знание_s о_pr	33.78570391760192	87.0	1970426	11.0	1165252
вопрос_s для_pr	33.416433456519364	68.0	1970426	6.0	1165252
власть_s в_pr	33.12887521262966	207.0	1970426	54.0	1165252
реформа_s в_pr	32.71443981358634	63.0	1970426	5.0	1165252
акт_s о_pr	32.614769833737896	49.0	1970426	2.0	1165252
ограничение_s на_pr	32.423873814164786	78.0	1970426	9.0	1165252
контроль_s над_pr	31.9810098739488	113.0	1970426	20.0	1165252
протест_s против_pr	31.800624318094062	11.0	1970426	37.0	1165252
отношение_s к_pr	31.769254243069284	318.0	1970426	102.0	1165252
учение_s о_pr	31.620487262590103	97.0	1970426	15.0	1165252
игра_s в_pr	31.55581704581455	9.0	1970426	34.0	1165252
повод_s для_pr	31.275314422564165	12.0	1970426	38.0	1165252
деятельность_s на_pr	31.16631505138954	61.0	1970426	5.0	1165252
подозрение_s в_pr	30.919722001440107	6.0	1970426	29.0	1165252
продукция_s на_pr	30.39594063871799	60.0	1970426	5.0	1165252
конфликт_s между_pr	30.34285091033619	95.0	1970426	15.0	1165252
возможность_s для_pr	30.258921308568922	116.0	1970426	22.0	1165252
соотношение_s между_pr	30.155816389967796	51.0	1970426	3.0	1165252
покушение_s на_pr	30.005481389824624	7.0	1970426	30.0	1165252
соответствие_s между_pr	29.772373369627168	55.0	1970426	4.0	1165252
орган_s в_pr	29.34204527608291	50.0	1970426	3.0	1165252
отношение_s по_pr	29.34204527608291	50.0	1970426	3.0	1165252
доход_s от_pr	28.964022328740732	102.0	1970426	18.0	1165252
информация_s в_pr	28.90447479663868	73.0	1970426	9.0	1165252
отказ_s от_pr	28.697073270319848	149.0	1970426	35.0	1165252
государство_s с_pr	28.390317908412992	44.0	1970426	2.0	1165252
проблема_s с_pr	28.3674248005238	16.0	1970426	41.0	1165252
включение_s в_pr	28.3293139092512	65.0	1970426	7.0	1165252
наука_s в_pr	28.209319710452974	72.0	1970426	9.0	1165252
освобождение_s от_pr	28.19985705584648	53.0	1970426	4.0	1165252
полномочие_s по_pr	28.100545112341134	57.0	1970426	5.0	1165252
языкознание_s в_pr	27.987825660034293	38.0	1970426	1.0	1165252
иммунитет_s от_pr	27.987825660034293	38.0	1970426	1.0	1165252
управление_s по_pr	27.983835115755593	10.0	1970426	33.0	1165252
земля_s в_pr	27.91171454971442	75.0	1970426	10.0	1165252
постановление_s о_pr	27.87618274737813	68.0	1970426	8.0	1165252
способность_s к_pr	27.49730623951542	81.0	1970426	12.0	1165252
доход_s в_pr	27.41841037606992	60.0	1970426	6.0	1165252
язык_s к_pr	27.41841037606992	60.0	1970426	6.0	1165252
дело_s по_pr	27.3166286149254	38.0	1970426	64.0	1165252
субъект_s в_pr	27.1112720041737	37.0	1970426	1.0	1165252
никто_s из_pr	26.911020107297126	7.0	1970426	28.0	1165252
использование_s в_pr	26.846020968648606	80.0	1970426	12.0	1165252
подход_s в_pr	26.68137084011309	59.0	1970426	6.0	1165252
виновный_s в_pr	26.65652400647166	13.0	1970426	36.0	1165252
раз_s в_pr	26.353215195453686	31.0	1970426	56.0	1165252
общение_s в_pr	26.236141329638716	36.0	1970426	1.0	1165252
собственность_s в_pr	26.236141329638716	36.0	1970426	1.0	1165252
причастность_s к_pr	26.16540208838328	6.0	1970426	26.0	1165252
цена_s в_pr	26.14270836621661	69.0	1970426	9.0	1165252
указание_s на_pr	25.981170436374278	97.0	1970426	18.0	1165252
федерация_s по_pr	25.88960177589113	72.0	1970426	10.0	1165252
доход_s на_pr	25.87876418700464	41.0	1970426	2.0	1165252
отражение_s в_pr	25.696503431159737	75.0	1970426	11.0	1165252
столкновение_s с_pr	25.38479084006785	7.0	1970426	27.0	1165252
фактор_s в_pr	25.3090580457895	45.0	1970426	3.0	1165252
гипотеза_s о_pr	25.08015269299406	53.0	1970426	5.0	1165252
значение_s в_pr	24.76698774679843	92.0	1970426	17.0	1165252
день_s со_pr	24.490472043641432	34.0	1970426	1.0	1165252
ознакомление_s с_pr	24.490472043641432	34.0	1970426	1.0	1165252
разница_s между_pr	24.39249493583494	73.0	1970426	11.0	1165252
средство_s в_pr	24.293920125026787	111.0	1970426	24.0	1165252
цена_s на_pr	24.278277004591047	345.0	1970426	124.0	1165252
вмешательство_s в_pr	24.274280728268955	76.0	1970426	12.0	1165252
вопрос_s о_pr	24.212982874770574	432.0	1970426	165.0	1165252
организация_s в_pr	23.553381731895993	87.0	1970426	16.0	1165252
борьба_s за_pr	23.46094921035828	151.0	1970426	40.0	1165252
задача_s в_pr	23.3876825432832	38.0	1970426	2.0	1165252
граница_s с_pr	22.326966888303705	5.0	1970426	22.0	1165252
область_s в_pr	22.145002683442225	15.0	1970426	35.0	1165252
место_s для_pr	22.145002683442225	15.0	1970426	35.0	1165252
ресурс_s для_pr	22.111946020813576	49.0	1970426	5.0	1165252
население_s в_pr	22.039737457804375	93.0	1970426	19.0	1165252
федерация_s на_pr	22.024463127067712	45.0	1970426	4.0	1165252
опора_s на_pr	22.024463127067712	45.0	1970426	4.0	1165252
предпосылка_s для_pr	21.94058199701898	56.0	1970426	7.0	1165252
предприятие_s в_pr	21.93944754547256	66.0	1970426	10.0	1165252
согласный_s в_pr	21.884855639193002	31.0	1970426	1.0	1165252
допуск_s к_pr	21.884855639193002	31.0	1970426	1.0	1165252
операция_s с_pr	21.73992354035742	36.0	1970426	2.0	1165252
переворот_s в_pr	21.73992354035742	36.0	1970426	2.0	1165252
стремление_s к_pr	21.4841810758502	92.0	1970426	19.0	1165252
отклонение_s от_pr	21.267427688994804	44.0	1970426	4.0	1165252
власть_s по_pr	21.020191650711695	30.0	1970426	1.0	1165252
этап_s в_pr	20.5141810290112	43.0	1970426	4.0	1165252
поведение_s в_pr	20.157679357312617	29.0	1970426	1.0	1165252
представление_s в_pr	20.157679357312617	29.0	1970426	1.0	1165252
беседа_s с_pr	20.040988085687154	13.0	1970426	31.0	1165252
иск_s о_pr	19.925053840324328	46.0	1970426	5.0	1165252
документ_s в_pr	19.878189596183233	53.0	1970426	7.0	1165252
язык_s с_pr	19.322286065740414	122.0	1970426	32.0	1165252
взаимодействие_s между_pr	19.290668929546563	33.0	1970426	2.0	1165252
препятствие_s для_pr	19.290668929546563	33.0	1970426	2.0	1165252
уклонение_s от_pr	19.290668929546563	33.0	1970426	2.0	1165252
стимул_s к_pr	19.290668929546563	33.0	1970426	2.0	1165252
капитал_s в_pr	19.199331266668953	52.0	1970426	7.0	1165252
знание_s в_pr	18.806213140301985	48.0	1970426	6.0	1165252
агентство_s по_pr	18.763755728129304	87.0	1970426	19.0	1165252
представление_s об_pr	18.7074208603961	67.0	1970426	12.0	1165252
обязанность_s по_pr	18.525036918336998	51.0	1970426	7.0	1165252
язык_s для_pr	18.48817584870441	44.0	1970426	5.0	1165252
фонема_s в_pr	18.23756438323081	36.0	1970426	3.0	1165252
победа_s в_pr	18.226489772810098	10.0	1970426	26.0	1165252
общество_s на_pr	18.11493353507168	47.0	1970426	6.0	1165252
введение_s в_pr	18.086148265276428	83.0	1970426	18.0	1165252
позиция_s в_pr	17.86538246040437	88.0	1970426	20.0	1165252
внесение_s в_pr	17.77659886999268	43.0	1970426	5.0	1165252
необходимость_s в_pr	17.77659886999268	43.0	1970426	5.0	1165252
обращение_s в_pr	17.681064305805947	53.0	1970426	8.0	1165252
монополия_s на_pr	17.67485917583921	31.0	1970426	2.0	1165252
объединение_s в_pr	17.67485917583921	31.0	1970426	2.0	1165252
теория_s в_pr	17.584619397004758	26.0	1970426	1.0	1165252
знак_s для_pr	17.584619397004758	26.0	1970426	1.0	1165252
призыв_s к_pr	17.563586501146034	68.0	1970426	13.0	1165252
газ_s в_pr	17.521747211804378	13.0	1970426	29.0	1165252
плата_s за_pr	17.514870889314864	59.0	1970426	10.0	1165252
привлечение_s к_pr	17.42847224414439	46.0	1970426	6.0	1165252
ссср_s в_pr	17.190828833875116	49.0	1970426	7.0	1165252
назначение_s на_pr	17.190828833875116	49.0	1970426	7.0	1165252
закон_s в_pr	17.190828833875116	49.0	1970426	7.0	1165252
направление_s в_pr	17.165512192895918	73.0	1970426	15.0	1165252
применение_s в_pr	17.06986803132628	42.0	1970426	5.0	1165252
явление_s в_pr	16.9013001510609	58.0	1970426	10.0	1165252
условие_s в_pr	16.872705363859662	30.0	1970426	2.0	1165252
самоуправление_s в_pr	16.811189287337747	38.0	1970426	4.0	1165252
противоречие_s с_pr	16.708216728259682	34.0	1970426	3.0	1165252
взаимосвязь_s между_pr	16.708216728259682	34.0	1970426	3.0	1165252
масса_s в_pr	16.708216728259682	34.0	1970426	3.0	1165252
гражданин_s по_pr	16.708216728259682	34.0	1970426	3.0	1165252
время_s от_pr	16.460472180167	12.0	1970426	27.0	1165252
производство_s на_pr	16.39514643296136	51.0	1970426	8.0	1165252
месяц_s с_pr	16.194574229049515	8.0	1970426	22.0	1165252
войско_s в_pr	16.194574229049515	8.0	1970426	22.0	1165252
внимание_s на_pr	16.124494623647557	200.0	1970426	69.0	1165252
преобразование_s в_pr	15.8770438907043	47.0	1970426	7.0	1165252
лицо_s в_pr	15.812628912985133	76.0	1970426	17.0	1165252
режим_s в_pr	15.760070284149988	50.0	1970426	8.0	1165252
решение_s о_pr	15.745010134881895	225.0	1970426	81.0	1165252
революция_s в_pr	15.68953962400532	56.0	1970426	10.0	1165252
взгляд_s на_pr	15.66400101393354	94.0	1970426	24.0	1165252
решение_s в_pr	15.636409025896835	81.0	1970426	19.0	1165252
выход_s из_pr	15.413144521794294	101.0	1970426	27.0	1165252
интерес_s к_pr	15.296692620131026	113.0	1970426	32.0	1165252
преимущество_s в_pr	15.28118729092495	28.0	1970426	2.0	1165252
рф_s по_pr	15.273781665013033	33.0	1970426	47.0	1165252
институт_s в_pr	15.197977442486867	32.0	1970426	3.0	1165252
курс_s на_pr	15.13051233518773	49.0	1970426	8.0	1165252
анализ_s в_pr	15.037366326455974	23.0	1970426	1.0	1165252
торговля_s на_pr	15.037366326455974	23.0	1970426	1.0	1165252
идея_s о_pr	14.982423317200265	69.0	1970426	15.0	1165252
большинство_s из_pr	14.771714472187966	17.0	1970426	31.0	1165252
данные_s на_pr	14.720594994858946	5.0	1970426	17.0	1165252
встреча_s в_pr	14.567379487109344	9.0	1970426	22.0	1165252
разговор_s с_pr	14.567379487109344	9.0	1970426	22.0	1165252
интерес_s в_pr	14.550374383274828	57.0	1970426	11.0	1165252
средство_s с_pr	14.492418934626135	27.0	1970426	2.0	1165252
расход_s в_pr	14.492418934626135	27.0	1970426	2.0	1165252
норма_s в_pr	14.45074366050843	31.0	1970426	3.0	1165252
средство_s для_pr	14.449263586935434	68.0	1970426	15.0	1165252
работа_s в_pr	14.440064036887023	97.0	1970426	99.0	1165252
рука_s в_pr	14.342619964451279	10.0	1970426	23.0	1165252
срок_s на_pr	14.342619964451279	10.0	1970426	23.0	1165252
обвиняемый_s в_pr	14.2197505819163	6.0	1970426	18.0	1165252
президент_s в_pr	14.162606185870368	11.0	1970426	24.0	1165252
слово_s по_pr	13.938091373689065	34.0	1970426	4.0	1165252
выражение_s в_pr	13.912969586643577	53.0	1970426	10.0	1165252
акт_s в_pr	13.88880921618874	47.0	1970426	8.0	1165252
наличие_s в_pr	13.824710306435023	95.0	1970426	26.0	1165252
служба_s в_pr	13.80842645550188	85.0	1970426	22.0	1165252
день_s в_pr	13.75349803133824	36.0	1970426	48.0	1165252
сила_s для_pr	13.70876240567851	26.0	1970426	2.0	1165252
норма_s о_pr	13.70876240567851	26.0	1970426	2.0	1165252
заимствование_s из_pr	13.617215699963545	37.0	1970426	5.0	1165252
контроль_s в_pr	13.423010484324303	40.0	1970426	6.0	1165252
равновесие_s в_pr	13.35690806456436	21.0	1970426	1.0	1165252
соотношение_s с_pr	13.35690806456436	21.0	1970426	1.0	1165252
зависимость_s между_pr	13.35690806456436	21.0	1970426	1.0	1165252
ответственность_s за_pr	13.344572678675547	215.0	1970426	80.0	1165252
склонность_s к_pr	13.239023685060339	63.0	1970426	14.0	1165252
выход_s в_pr	13.098339165069866	10.0	1970426	22.0	1165252
данные_s в_pr	12.973730393891339	29.0	1970426	3.0	1165252
россия_s от_pr	12.944800887945565	36.0	1970426	5.0	1165252
предположение_s о_pr	12.944800887945565	36.0	1970426	5.0	1165252
исключение_s из_pr	12.944800887945565	36.0	1970426	5.0	1165252
разрешение_s на_pr	12.943144680235228	93.0	1970426	26.0	1165252
наличие_s у_pr	12.847935762890444	54.0	1970426	11.0	1165252
поездка_s в_pr	12.829654827514606	6.0	1970426	17.0	1165252
страна_s в_pr	12.780432413931813	157.0	1970426	54.0	1165252
выходец_s из_pr	12.64535301433575	15.0	1970426	27.0	1165252
вклад_s в_pr	12.64423698498075	109.0	1970426	33.0	1165252
язык_s от_pr	12.537475426867996	32.0	1970426	4.0	1165252
передача_s в_pr	12.522990874487373	20.0	1970426	1.0	1165252
россия_s за_pr	12.522990874487373	20.0	1970426	1.0	1165252
обращение_s за_pr	12.522990874487373	20.0	1970426	1.0	1165252
решение_s по_pr	12.416607586597305	56.0	1970426	12.0	1165252
граница_s между_pr	12.416607586597305	56.0	1970426	12.0	1165252
единица_s в_pr	12.27916345276794	35.0	1970426	5.0	1165252
экономика_s на_pr	12.2447246143557	28.0	1970426	3.0	1165252
положение_s об_pr	12.2447246143557	28.0	1970426	3.0	1165252
элита_s в_pr	12.2447246143557	28.0	1970426	3.0	1165252
акцент_s на_pr	12.073352149648594	44.0	1970426	8.0	1165252
период_s в_pr	12.073352149648594	44.0	1970426	8.0	1165252
ситуация_s в_pr	12.042949432891604	101.0	1970426	98.0	1165252
инвестиция_s в_pr	11.972909663686153	81.0	1970426	22.0	1165252
село_s в_pr	11.849792151596914	5.0	1970426	15.0	1165252
работник_s в_pr	11.84739227911053	31.0	1970426	4.0	1165252
проблема_s в_pr	11.734132907341763	73.0	1970426	19.0	1165252
производство_s с_pr	11.6938412716416	19.0	1970426	1.0	1165252
экономика_s к_pr	11.6938412716416	19.0	1970426	1.0	1165252
отстранение_s от_pr	11.6938412716416	19.0	1970426	1.0	1165252
характер_s в_pr	11.6938412716416	19.0	1970426	1.0	1165252
возникновение_s в_pr	11.6938412716416	19.0	1970426	1.0	1165252
свидетельство_s о_pr	11.62067144217545	34.0	1970426	5.0	1165252
структура_s в_pr	11.504804284527395	37.0	1970426	6.0	1165252
элемент_s в_pr	11.4818151978402	43.0	1970426	8.0	1165252
штраф_s в_pr	11.470290134239631	6.0	1970426	16.0	1165252
налог_s в_pr	11.392563753998733	23.0	1970426	2.0	1165252
бумага_s в_pr	11.392563753998733	23.0	1970426	2.0	1165252
система_s на_pr	11.392563753998733	23.0	1970426	2.0	1165252
прогресс_s в_pr	11.293533907566239	67.0	1970426	17.0	1165252
перевод_s на_pr	11.175657853464347	59.0	1970426	14.0	1165252
акция_s в_pr	10.97364812011133	8.0	1970426	18.0	1165252
дискуссия_s о_pr	10.971343276118388	45.0	1970426	9.0	1165252
орган_s при_pr	10.86996177017871	18.0	1970426	1.0	1165252
вес_s в_pr	10.86996177017871	18.0	1970426	1.0	1165252
конкуренция_s между_pr	10.86996177017871	18.0	1970426	1.0	1165252
внедрение_s в_pr	10.80795793805493	26.0	1970426	3.0	1165252
победа_s над_pr	10.69738485489355	10.0	1970426	20.0	1165252
предложение_s с_pr	10.633713844497402	22.0	1970426	2.0	1165252
член_s в_pr	10.633713844497402	22.0	1970426	2.0	1165252
конкуренция_s в_pr	10.633713844497402	22.0	1970426	2.0	1165252
расход_s по_pr	10.633713844497402	22.0	1970426	2.0	1165252
день_s после_pr	10.625843882184537	19.0	1970426	29.0	1165252
положение_s в_pr	10.534983689088584	92.0	1970426	28.0	1165252
порядок_s в_pr	10.527884435648613	47.0	1970426	10.0	1165252
человек_s с_pr	10.50423843752607	77.0	1970426	77.0	1165252
данные_s по_pr	10.489826365248225	29.0	1970426	4.0	1165252
процент_s за_pr	10.489826365248225	29.0	1970426	4.0	1165252
лингвистика_s в_pr	10.489826365248225	29.0	1970426	4.0	1165252
соглашение_s между_pr	10.305812945701565	52.0	1970426	12.0	1165252
тезис_s о_pr	10.267648617662037	38.0	1970426	7.0	1165252
россия_s по_pr	10.221310164748559	26.0	1970426	35.0	1165252
информация_s о_pr	10.183436367772764	265.0	1970426	110.0	1165252
область_s с_pr	10.145066527003442	6.0	1970426	15.0	1165252
компания_s в_pr	10.145066527003442	6.0	1970426	15.0	1165252
отношение_s на_pr	10.10124346251698	25.0	1970426	3.0	1165252
образование_s на_pr	10.05193879665594	17.0	1970426	1.0	1165252
законность_s в_pr	10.05193879665594	17.0	1970426	1.0	1165252
литература_s по_pr	10.05193879665594	17.0	1970426	1.0	1165252
понятие_s в_pr	10.05193879665594	17.0	1970426	1.0	1165252
запись_s о_pr	10.05193879665594	17.0	1970426	1.0	1165252
фонд_s в_pr	10.05193879665594	17.0	1970426	1.0	1165252
товар_s по_pr	10.05193879665594	17.0	1970426	1.0	1165252
деятельность_s с_pr	10.05193879665594	17.0	1970426	1.0	1165252
интеграция_s в_pr	9.988282211466847	46.0	1970426	10.0	1165252
сотрудничество_s между_pr	9.91424391653736	7.0	1970426	16.0	1165252
бумага_s на_pr	9.882446893840775	21.0	1970426	2.0	1165252
формирование_s в_pr	9.882446893840775	21.0	1970426	2.0	1165252
мысль_s в_pr	9.82333076221436	28.0	1970426	4.0	1165252
мероприятие_s по_pr	9.798203529971293	76.0	1970426	22.0	1165252
товар_s на_pr	9.654674109580233	34.0	1970426	6.0	1165252
суд_s в_pr	9.48994887464243	53.0	1970426	13.0	1165252
труд_s по_pr	9.403106570150992	24.0	1970426	3.0	1165252
язык_s из_pr	9.403106570150992	24.0	1970426	3.0	1165252
партия_s в_pr	9.292755058024389	50.0	1970426	12.0	1165252
состояние_s в_pr	9.240462485533177	16.0	1970426	1.0	1165252
социализм_s в_pr	9.240462485533177	16.0	1970426	1.0	1165252
процент_s на_pr	9.240462485533177	16.0	1970426	1.0	1165252
равновесие_s между_pr	9.240462485533177	16.0	1970426	1.0	1165252
сектор_s в_pr	9.16576874650514	27.0	1970426	4.0	1165252
государство_s по_pr	9.16576874650514	27.0	1970426	4.0	1165252
существование_s в_pr	9.16576874650514	27.0	1970426	4.0	1165252
дисциплина_s в_pr	9.139470125356642	20.0	1970426	2.0	1165252
знание_s об_pr	9.139470125356642	20.0	1970426	2.0	1165252
контакт_s между_pr	9.066677516919288	30.0	1970426	5.0	1165252
установка_s на_pr	9.066677516919288	30.0	1970426	5.0	1165252
должность_s в_pr	9.066677516919288	30.0	1970426	5.0	1165252
принадлежность_s к_pr	9.0032423204063	52.0	1970426	13.0	1165252
надежда_s на_pr	8.985055722545205	22.0	1970426	30.0	1165252
услуга_s в_pr	8.970575548462005	57.0	1970426	15.0	1165252
выборы_s в_pr	8.923191443175632	61.0	1970426	62.0	1165252
смерть_s в_pr	8.85800107337689	6.0	1970426	14.0	1165252
договор_s о_pr	8.82478109974118	76.0	1970426	23.0	1165252
лицо_s по_pr	8.714236122072196	23.0	1970426	3.0	1165252
язык_s по_pr	8.714236122072196	23.0	1970426	3.0	1165252
переговоры_s по_pr	8.679960730894035	7.0	1970426	15.0	1165252
переговоры_s о_pr	8.679960730894035	7.0	1970426	15.0	1165252
эксперимент_s по_pr	8.679960730894035	7.0	1970426	15.0	1165252
место_s на_pr	8.666377471104006	18.0	1970426	26.0	1165252
событие_s в_pr	8.589324475360133	39.0	1970426	44.0	1165252
вода_s в_pr	8.55790788391484	8.0	1970426	16.0	1165252
общество_s к_pr	8.517770426503192	26.0	1970426	4.0	1165252
мигрант_s в_pr	8.517770426503192	26.0	1970426	4.0	1165252
внимание_s к_pr	8.512307664870171	56.0	1970426	15.0	1165252
действие_s на_pr	8.45065007553045	29.0	1970426	5.0	1165252
разрыв_s между_pr	8.45065007553045	29.0	1970426	5.0	1165252
торговля_s в_pr	8.45065007553045	29.0	1970426	5.0	1165252
население_s с_pr	8.436352681929831	15.0	1970426	1.0	1165252
экономика_s с_pr	8.436352681929831	15.0	1970426	1.0	1165252
сохранение_s в_pr	8.436352681929831	15.0	1970426	1.0	1165252
функционирование_s в_pr	8.436352681929831	15.0	1970426	1.0	1165252
посредник_s между_pr	8.436352681929831	15.0	1970426	1.0	1165252
федерация_s при_pr	8.436352681929831	15.0	1970426	1.0	1165252
диалект_s в_pr	8.436352681929831	15.0	1970426	1.0	1165252
ограничение_s в_pr	8.436352681929831	15.0	1970426	1.0	1165252
общество_s от_pr	8.436352681929831	15.0	1970426	1.0	1165252
ответственность_s перед_pr	8.436352681929831	15.0	1970426	1.0	1165252
связь_s с_pr	8.378547556790906	215.0	1970426	89.0	1165252
время_s на_pr	8.219516914698715	23.0	1970426	30.0	1165252
речь_s в_pr	8.105516736258766	45.0	1970426	11.0	1165252
сочетание_s с_pr	8.105516736258766	45.0	1970426	11.0	1165252
рекомендация_s по_pr	8.035407559569242	22.0	1970426	3.0	1165252
согласование_s с_pr	8.035407559569242	22.0	1970426	3.0	1165252
дополнение_s в_pr	8.035407559569242	22.0	1970426	3.0	1165252
ответ_s на_pr	8.007398130859492	181.0	1970426	73.0	1165252
форма_s в_pr	7.973565516991249	34.0	1970426	7.0	1165252
база_s для_pr	7.973565516991249	34.0	1970426	7.0	1165252
кредит_s в_pr	7.880035142074994	25.0	1970426	4.0	1165252
язык_s во_pr	7.880035142074994	25.0	1970426	4.0	1165252
свобода_s с_pr	7.806634681656062	5.0	1970426	12.0	1165252
ситуация_s с_pr	7.729817569396577	26.0	1970426	32.0	1165252
деньги_s на_pr	7.729817569396577	26.0	1970426	32.0	1165252
сведение_s об_pr	7.729359709276174	39.0	1970426	9.0	1165252
доля_s в_pr	7.729359709276174	39.0	1970426	9.0	1165252
государство_s к_pr	7.6817568505952	18.0	1970426	2.0	1165252
поступление_s от_pr	7.6817568505952	18.0	1970426	2.0	1165252
капитал_s из_pr	7.640593645462475	14.0	1970426	1.0	1165252
оппозиция_s по_pr	7.640593645462475	14.0	1970426	1.0	1165252
гражданин_s с_pr	7.640593645462475	14.0	1970426	1.0	1165252
слог_s в_pr	7.640593645462475	14.0	1970426	1.0	1165252
приспособление_s к_pr	7.640593645462475	14.0	1970426	1.0	1165252
документ_s об_pr	7.640593645462475	14.0	1970426	1.0	1165252
объяснение_s в_pr	7.640593645462475	14.0	1970426	1.0	1165252
технология_s для_pr	7.640593645462475	14.0	1970426	1.0	1165252
идеология_s в_pr	7.640593645462475	14.0	1970426	1.0	1165252
закон_s об_pr	7.6186576144501075	54.0	1970426	15.0	1165252
взаимодействие_s с_pr	7.612030995201177	82.0	1970426	27.0	1165252
уважение_s к_pr	7.533272137940125	15.0	1970426	22.0	1165252
память_s о_pr	7.488169398425486	7.0	1970426	14.0	1165252
поправка_s к_pr	7.488169398425486	7.0	1970426	14.0	1165252
центр_s в_pr	7.47399959888596	14.0	1970426	21.0	1165252
жизнь_s на_pr	7.386035608198364	12.0	1970426	19.0	1165252
действие_s с_pr	7.367498071660771	21.0	1970426	3.0	1165252
информация_s на_pr	7.367498071660771	21.0	1970426	3.0	1165252
материал_s в_pr	7.367498071660771	21.0	1970426	3.0	1165252
подготовка_s к_pr	7.365062389832193	35.0	1970426	39.0	1165252
система_s с_pr	7.314228850745604	30.0	1970426	6.0	1165252
место_s в_pr	7.285318218270213	240.0	1970426	104.0	1165252
внимание_s в_pr	7.253342013535423	24.0	1970426	4.0	1165252
организация_s на_pr	7.249717972795207	27.0	1970426	5.0	1165252
возможность_s в_pr	7.249717972795207	27.0	1970426	5.0	1165252
рост_s в_pr	7.249717972795207	27.0	1970426	5.0	1165252
слово_s на_pr	7.220330625546104	38.0	1970426	9.0	1165252
законодательство_s в_pr	7.183781841269681	53.0	1970426	15.0	1165252
отличие_s от_pr	7.04244365080771	35.0	1970426	8.0	1165252
общество_s с_pr	7.04244365080771	35.0	1970426	8.0	1165252
действие_s в_pr	7.006289895591188	69.0	1970426	22.0	1165252
образование_s в_pr	6.978948941771403	62.0	1970426	19.0	1165252
банк_s в_pr	6.969045686844533	17.0	1970426	2.0	1165252
эффект_s от_pr	6.969045686844533	17.0	1970426	2.0	1165252
образ_s на_pr	6.969045686844533	17.0	1970426	2.0	1165252
изменение_s на_pr	6.969045686844533	17.0	1970426	2.0	1165252
капитал_s на_pr	6.969045686844533	17.0	1970426	2.0	1165252
критерий_s для_pr	6.969045686844533	17.0	1970426	2.0	1165252
санкция_s за_pr	6.969045686844533	17.0	1970426	2.0	1165252
группа_s в_pr	6.935861951916216	50.0	1970426	14.0	1165252
сделка_s с_pr	6.925571015697171	40.0	1970426	10.0	1165252
работа_s с_pr	6.879533952592453	46.0	1970426	47.0	1165252
договор_s по_pr	6.854381202839255	13.0	1970426	1.0	1165252
акцент_s в_pr	6.854381202839255	13.0	1970426	1.0	1165252
мышление_s в_pr	6.854381202839255	13.0	1970426	1.0	1165252
отрасль_s с_pr	6.854381202839255	13.0	1970426	1.0	1165252
государство_s для_pr	6.854381202839255	13.0	1970426	1.0	1165252
соглашение_s в_pr	6.854381202839255	13.0	1970426	1.0	1165252
необходимость_s для_pr	6.854381202839255	13.0	1970426	1.0	1165252
смысл_s в_pr	6.854381202839255	13.0	1970426	1.0	1165252
стандарт_s в_pr	6.854381202839255	13.0	1970426	1.0	1165252
роль_s при_pr	6.854381202839255	13.0	1970426	1.0	1165252
приоритет_s в_pr	6.854381202839255	13.0	1970426	1.0	1165252
ссср_s по_pr	6.854381202839255	13.0	1970426	1.0	1165252
неравенство_s в_pr	6.854381202839255	13.0	1970426	1.0	1165252
обязанность_s в_pr	6.854381202839255	13.0	1970426	1.0	1165252
жалоба_s на_pr	6.755352043577741	29.0	1970426	6.0	1165252
требование_s о_pr	6.755352043577741	29.0	1970426	6.0	1165252
обязательство_s по_pr	6.755352043577741	29.0	1970426	6.0	1165252
рассмотрение_s в_pr	6.7115052421621515	20.0	1970426	3.0	1165252
утверждение_s в_pr	6.7115052421621515	20.0	1970426	3.0	1165252
метод_s в_pr	6.7115052421621515	20.0	1970426	3.0	1165252
предприятие_s на_pr	6.7115052421621515	20.0	1970426	3.0	1165252
шанс_s на_pr	6.695173924249103	16.0	1970426	22.0	1165252
противоречие_s в_pr	6.666246975546946	26.0	1970426	5.0	1165252
англия_s в_pr	6.666246975546946	26.0	1970426	5.0	1165252
интерес_s для_pr	6.638562583917577	23.0	1970426	4.0	1165252
целое_s в_pr	6.638562583917577	23.0	1970426	4.0	1165252
слово_s из_pr	6.638562583917577	23.0	1970426	4.0	1165252
слово_s о_pr	6.549169582534933	5.0	1970426	11.0	1165252
план_s по_pr	6.406285370473682	12.0	1970426	18.0	1165252
модель_s для_pr	6.344082813410703	7.0	1970426	13.0	1165252
союз_s с_pr	6.304927749706094	9.0	1970426	15.0	1165252
сотрудничество_s с_pr	6.275259326314263	46.0	1970426	46.0	1165252
защита_s в_pr	6.268737713433998	16.0	1970426	2.0	1165252
заинтересованность_s в_pr	6.268737713433998	16.0	1970426	2.0	1165252
граница_s в_pr	6.268737713433998	16.0	1970426	2.0	1165252
цена_s с_pr	6.268737713433998	16.0	1970426	2.0	1165252
уведомление_s о_pr	6.268737713433998	16.0	1970426	2.0	1165252
язык_s без_pr	6.268737713433998	16.0	1970426	2.0	1165252
действие_s по_pr	6.212079511611499	41.0	1970426	11.0	1165252
помощь_s в_pr	6.2069303669680895	26.0	1970426	30.0	1165252
сообщение_s о_pr	6.152176614729434	36.0	1970426	38.0	1165252
работа_s на_pr	6.148055042225071	31.0	1970426	34.0	1165252
закономерность_s в_pr	6.079188127743599	12.0	1970426	1.0	1165252
сила_s по_pr	6.079188127743599	12.0	1970426	1.0	1165252
представительство_s в_pr	6.068570182067239	19.0	1970426	3.0	1165252
отрасль_s в_pr	6.068570182067239	19.0	1970426	3.0	1165252
употребление_s в_pr	6.036676074824297	22.0	1970426	4.0	1165252
система_s по_pr	6.036676074824297	22.0	1970426	4.0	1165252
мера_s в_pr	6.036676074824297	22.0	1970426	4.0	1165252
последствие_s для_pr	6.029496260759585	33.0	1970426	8.0	1165252
страна_s на_pr	5.9302684313720615	50.0	1970426	15.0	1165252
университет_s в_pr	5.841111431962261	30.0	1970426	7.0	1165252
торговля_s с_pr	5.755759632833277	35.0	1970426	9.0	1165252
зрение_s на_pr	5.6738672935972865	27.0	1970426	6.0	1165252
заявление_s о_pr	5.670285277036163	47.0	1970426	14.0	1165252
орган_s на_pr	5.582342909942885	15.0	1970426	2.0	1165252
развитие_s с_pr	5.582342909942885	15.0	1970426	2.0	1165252
платеж_s в_pr	5.582342909942885	15.0	1970426	2.0	1165252
продажа_s на_pr	5.582342909942885	15.0	1970426	2.0	1165252
группа_s с_pr	5.582342909942885	15.0	1970426	2.0	1165252
трансформация_s в_pr	5.582342909942885	15.0	1970426	2.0	1165252
мужчина_s в_pr	5.551036602446876	13.0	1970426	18.0	1165252
позиция_s по_pr	5.551036602446876	13.0	1970426	18.0	1165252
категория_s в_pr	5.537476771524851	24.0	1970426	5.0	1165252
слово_s для_pr	5.537476771524851	24.0	1970426	5.0	1165252
заявление_s об_pr	5.47102445262531	12.0	1970426	17.0	1165252
взаимоотношение_s между_pr	5.448787933914207	21.0	1970426	4.0	1165252
вхождение_s в_pr	5.448787933914207	21.0	1970426	4.0	1165252
личность_s в_pr	5.448787933914207	21.0	1970426	4.0	1165252
политика_s по_pr	5.448787933914207	21.0	1970426	4.0	1165252
слово_s к_pr	5.448787933914207	21.0	1970426	4.0	1165252
законодательство_s об_pr	5.440006510151567	18.0	1970426	3.0	1165252
требование_s в_pr	5.440006510151567	18.0	1970426	3.0	1165252
оружие_s в_pr	5.338571142061404	10.0	1970426	15.0	1165252
связь_s на_pr	5.316856922248701	11.0	1970426	1.0	1165252
интерес_s на_pr	5.316856922248701	11.0	1970426	1.0	1165252
товар_s из_pr	5.316856922248701	11.0	1970426	1.0	1165252
оон_s о_pr	5.316856922248701	11.0	1970426	1.0	1165252
правление_s в_pr	5.316856922248701	11.0	1970426	1.0	1165252
техника_s в_pr	5.316856922248701	11.0	1970426	1.0	1165252
курс_s в_pr	5.316856922248701	11.0	1970426	1.0	1165252
получение_s от_pr	5.316856922248701	11.0	1970426	1.0	1165252
неопределенность_s в_pr	5.316856922248701	11.0	1970426	1.0	1165252
средство_s при_pr	5.316856922248701	11.0	1970426	1.0	1165252
справедливость_s в_pr	5.316856922248701	11.0	1970426	1.0	1165252
коммуникация_s с_pr	5.316856922248701	11.0	1970426	1.0	1165252
сила_s в_pr	5.293064464553488	62.0	1970426	21.0	1165252
цитата_s из_pr	5.291060777815918	9.0	1970426	14.0	1165252
связь_s со_pr	5.290197526398922	34.0	1970426	9.0	1165252
игра_s с_pr	5.278680813927236	6.0	1970426	11.0	1165252
доступ_s в_pr	5.278680813927236	6.0	1970426	11.0	1165252
вопрос_s с_pr	5.278680813927236	6.0	1970426	11.0	1165252
усилие_s для_pr	5.253952756146041	7.0	1970426	12.0	1165252
власть_s с_pr	5.152906472850782	26.0	1970426	6.0	1165252
соглашение_s об_pr	5.110264131447053	33.0	1970426	34.0	1165252
почва_s для_pr	4.994141105733424	23.0	1970426	5.0	1165252
протокол_s о_pr	4.994141105733424	23.0	1970426	5.0	1165252
мир_s по_pr	4.94179161279434	27.0	1970426	29.0	1165252
назначение_s в_pr	4.91166538110718	14.0	1970426	2.0	1165252
приложение_s к_pr	4.91166538110718	14.0	1970426	2.0	1165252
право_s с_pr	4.91166538110718	14.0	1970426	2.0	1165252
деятельность_s без_pr	4.91166538110718	14.0	1970426	2.0	1165252
учебник_s по_pr	4.91166538110718	14.0	1970426	2.0	1165252
структура_s для_pr	4.91166538110718	14.0	1970426	2.0	1165252
структура_s на_pr	4.91166538110718	14.0	1970426	2.0	1165252
разногласие_s между_pr	4.91166538110718	14.0	1970426	2.0	1165252
общение_s между_pr	4.91166538110718	14.0	1970426	2.0	1165252
основа_s в_pr	4.91166538110718	14.0	1970426	2.0	1165252
традиция_s в_pr	4.876152567163734	20.0	1970426	4.0	1165252
корреляция_s между_pr	4.876152567163734	20.0	1970426	4.0	1165252
источник_s для_pr	4.876152567163734	20.0	1970426	4.0	1165252
активность_s в_pr	4.876152567163734	20.0	1970426	4.0	1165252
понятие_s о_pr	4.84789971098802	28.0	1970426	7.0	1165252
объект_s в_pr	4.84789971098802	28.0	1970426	7.0	1165252
взаимоотношение_s с_pr	4.84789971098802	28.0	1970426	7.0	1165252
рынок_s с_pr	4.827337054790116	17.0	1970426	3.0	1165252
воплощение_s в_pr	4.827337054790116	17.0	1970426	3.0	1165252
власть_s к_pr	4.827337054790116	17.0	1970426	3.0	1165252
средство_s из_pr	4.827337054790116	17.0	1970426	3.0	1165252
спор_s в_pr	4.827337054790116	17.0	1970426	3.0	1165252
дело_s с_pr	4.720672586576164	69.0	1970426	25.0	1165252
пример_s из_pr	4.646377529012194	25.0	1970426	6.0	1165252
лицо_s с_pr	4.646298898152073	35.0	1970426	10.0	1165252
знание_s для_pr	4.569735062678321	10.0	1970426	1.0	1165252
форма_s для_pr	4.569735062678321	10.0	1970426	1.0	1165252
подтверждение_s в_pr	4.569735062678321	10.0	1970426	1.0	1165252
потребление_s в_pr	4.569735062678321	10.0	1970426	1.0	1165252
изучение_s в_pr	4.569735062678321	10.0	1970426	1.0	1165252
образ_s с_pr	4.569735062678321	10.0	1970426	1.0	1165252
распределение_s по_pr	4.569735062678321	10.0	1970426	1.0	1165252
потребитель_s на_pr	4.569735062678321	10.0	1970426	1.0	1165252
разрыв_s в_pr	4.569735062678321	10.0	1970426	1.0	1165252
ответственность_s на_pr	4.569735062678321	10.0	1970426	1.0	1165252
экономия_s в_pr	4.569735062678321	10.0	1970426	1.0	1165252
метод_s для_pr	4.569735062678321	10.0	1970426	1.0	1165252
изъятие_s из_pr	4.569735062678321	10.0	1970426	1.0	1165252
язык_s за_pr	4.569735062678321	10.0	1970426	1.0	1165252
апелляция_s к_pr	4.569735062678321	10.0	1970426	1.0	1165252
патент_s на_pr	4.569735062678321	10.0	1970426	1.0	1165252
эффект_s в_pr	4.569735062678321	10.0	1970426	1.0	1165252
акт_s на_pr	4.569735062678321	10.0	1970426	1.0	1165252
экспорт_s в_pr	4.569735062678321	10.0	1970426	1.0	1165252
речь_s с_pr	4.569735062678321	10.0	1970426	1.0	1165252
десятилетие_s после_pr	4.569735062678321	10.0	1970426	1.0	1165252
закон_s для_pr	4.569735062678321	10.0	1970426	1.0	1165252
закон_s к_pr	4.569735062678321	10.0	1970426	1.0	1165252
преступление_s против_pr	4.492746773151989	44.0	1970426	14.0	1165252
шаг_s в_pr	4.467098805007167	18.0	1970426	21.0	1165252
событие_s на_pr	4.408061632919374	10.0	1970426	14.0	1165252
появление_s в_pr	4.396697489105579	32.0	1970426	9.0	1165252
культура_s в_pr	4.389944777903086	46.0	1970426	15.0	1165252
лицо_s на_pr	4.37229522453535	27.0	1970426	7.0	1165252
протест_s в_pr	4.333188735552003	9.0	1970426	13.0	1165252
раз_s за_pr	4.333188735552003	9.0	1970426	13.0	1165252
сила_s на_pr	4.320201446054338	19.0	1970426	4.0	1165252
информация_s по_pr	4.320201446054338	19.0	1970426	4.0	1165252
сырье_s для_pr	4.320201446054338	19.0	1970426	4.0	1165252
момент_s в_pr	4.2950089381435514	27.0	1970426	28.0	1165252
пункт_s в_pr	4.270856913649122	8.0	1970426	12.0	1165252
убеждение_s в_pr	4.258885213251596	13.0	1970426	2.0	1165252
практика_s по_pr	4.258885213251596	13.0	1970426	2.0	1165252
установление_s в_pr	4.258885213251596	13.0	1970426	2.0	1165252
требование_s об_pr	4.258885213251596	13.0	1970426	2.0	1165252
лекция_s по_pr	4.258885213251596	13.0	1970426	2.0	1165252
идея_s об_pr	4.258885213251596	13.0	1970426	2.0	1165252
движение_s за_pr	4.258885213251596	13.0	1970426	2.0	1165252
дискуссия_s в_pr	4.258885213251596	13.0	1970426	2.0	1165252
власть_s для_pr	4.258885213251596	13.0	1970426	2.0	1165252
заключение_s о_pr	4.258885213251596	13.0	1970426	2.0	1165252
организация_s с_pr	4.258885213251596	13.0	1970426	2.0	1165252
сопоставление_s с_pr	4.258885213251596	13.0	1970426	2.0	1165252
рф_s с_pr	4.258885213251596	13.0	1970426	2.0	1165252
информация_s с_pr	4.232340891151683	16.0	1970426	3.0	1165252
выгода_s от_pr	4.232340891151683	16.0	1970426	3.0	1165252
расчет_s с_pr	4.232340891151683	16.0	1970426	3.0	1165252
реагирование_s на_pr	4.232340891151683	16.0	1970426	3.0	1165252
компания_s с_pr	4.215117671445252	5.0	1970426	9.0	1165252
состояние_s на_pr	4.195625365355973	35.0	1970426	34.0	1165252
пособие_s по_pr	4.155342609418296	24.0	1970426	6.0	1165252
товар_s в_pr	4.082049226246159	36.0	1970426	11.0	1165252
отношение_s с_pr	4.037019520780429	165.0	1970426	74.0	1165252
изделие_s из_pr	4.023597855822812	25.0	1970426	26.0	1165252
операция_s в_pr	4.010691203078094	20.0	1970426	22.0	1165252
человек_s от_pr	3.970168217405492	31.0	1970426	9.0	1165252
возврат_s к_pr	3.9553995276006706	21.0	1970426	5.0	1165252
соперничество_s между_pr	3.8408784252976	9.0	1970426	1.0	1165252
орган_s с_pr	3.8408784252976	9.0	1970426	1.0	1165252
правительство_s с_pr	3.8408784252976	9.0	1970426	1.0	1165252
расчет_s в_pr	3.8408784252976	9.0	1970426	1.0	1165252
акт_s об_pr	3.8408784252976	9.0	1970426	1.0	1165252
случай_s для_pr	3.8408784252976	9.0	1970426	1.0	1165252
территория_s от_pr	3.8408784252976	9.0	1970426	1.0	1165252
экономика_s от_pr	3.8408784252976	9.0	1970426	1.0	1165252
государство_s над_pr	3.8408784252976	9.0	1970426	1.0	1165252
вмешательство_s во_pr	3.8408784252976	9.0	1970426	1.0	1165252
интерес_s при_pr	3.8408784252976	9.0	1970426	1.0	1165252
базис_s для_pr	3.8408784252976	9.0	1970426	1.0	1165252
деление_s на_pr	3.8408784252976	9.0	1970426	1.0	1165252
доступность_s для_pr	3.8408784252976	9.0	1970426	1.0	1165252
поворот_s к_pr	3.8408784252976	9.0	1970426	1.0	1165252
выбор_s из_pr	3.8408784252976	9.0	1970426	1.0	1165252
зрение_s в_pr	3.8408784252976	9.0	1970426	1.0	1165252
оплата_s за_pr	3.8408784252976	9.0	1970426	1.0	1165252
ситуация_s для_pr	3.8408784252976	9.0	1970426	1.0	1165252
земля_s для_pr	3.8408784252976	9.0	1970426	1.0	1165252
судно_s для_pr	3.8408784252976	9.0	1970426	1.0	1165252
государство_s о_pr	3.8408784252976	9.0	1970426	1.0	1165252
предоставление_s в_pr	3.8408784252976	9.0	1970426	1.0	1165252
ссср_s с_pr	3.8408784252976	9.0	1970426	1.0	1165252
программа_s по_pr	3.7877497438084475	32.0	1970426	31.0	1165252
отход_s от_pr	3.782578195731525	18.0	1970426	4.0	1165252
реализация_s в_pr	3.782578195731525	18.0	1970426	4.0	1165252
близость_s к_pr	3.782578195731525	18.0	1970426	4.0	1165252
принцип_s в_pr	3.782578195731525	18.0	1970426	4.0	1165252
проект_s в_pr	3.747891529678528	18.0	1970426	20.0	1165252
результат_s в_pr	3.717039118521658	28.0	1970426	8.0	1165252
влияние_s в_pr	3.717039118521658	28.0	1970426	8.0	1165252
уровень_s в_pr	3.717039118521658	28.0	1970426	8.0	1165252
задача_s по_pr	3.680986134736628	23.0	1970426	6.0	1165252
спрос_s в_pr	3.657114425372802	15.0	1970426	3.0	1165252
диспропорция_s в_pr	3.657114425372802	15.0	1970426	3.0	1165252
отступление_s от_pr	3.657114425372802	15.0	1970426	3.0	1165252
прибыль_s на_pr	3.657114425372802	15.0	1970426	3.0	1165252
сталь_s в_pr	3.6266710067677117	12.0	1970426	2.0	1165252
ответственность_s по_pr	3.6266710067677117	12.0	1970426	2.0	1165252
глагол_s в_pr	3.6266710067677117	12.0	1970426	2.0	1165252
знание_s по_pr	3.6266710067677117	12.0	1970426	2.0	1165252
рынок_s на_pr	3.6266710067677117	12.0	1970426	2.0	1165252
система_s к_pr	3.6266710067677117	12.0	1970426	2.0	1165252
суждение_s о_pr	3.6266710067677117	12.0	1970426	2.0	1165252
особенность_s в_pr	3.6266710067677117	12.0	1970426	2.0	1165252
отпечаток_s на_pr	3.6266710067677117	12.0	1970426	2.0	1165252
реализация_s на_pr	3.6266710067677117	12.0	1970426	2.0	1165252
процент_s в_pr	3.6266710067677117	12.0	1970426	2.0	1165252
избиратель_s в_pr	3.6266710067677117	12.0	1970426	2.0	1165252
платеж_s за_pr	3.6266710067677117	12.0	1970426	2.0	1165252
уверенность_s в_pr	3.616956764615111	22.0	1970426	23.0	1165252
текст_s на_pr	3.613041632074019	46.0	1970426	16.0	1165252
распространение_s в_pr	3.5851675355774066	37.0	1970426	12.0	1165252
цель_s в_pr	3.5851675355774066	37.0	1970426	12.0	1165252
образ_s в_pr	3.5581610588232486	30.0	1970426	9.0	1165252
суд_s на_pr	3.5371735296409677	10.0	1970426	13.0	1165252
предприятие_s с_pr	3.4627855078485856	20.0	1970426	5.0	1165252
германия_s в_pr	3.4627855078485856	20.0	1970426	5.0	1165252
принятие_s в_pr	3.4627855078485856	20.0	1970426	5.0	1165252
напряженность_s в_pr	3.4627855078485856	20.0	1970426	5.0	1165252
республика_s в_pr	3.4268345828964737	32.0	1970426	10.0	1165252
сша_s в_pr	3.389904852560697	99.0	1970426	42.0	1165252
ученый_s из_pr	3.3475869621245513	8.0	1970426	11.0	1165252
друг_s к_pr	3.345794522607056	43.0	1970426	15.0	1165252
рынок_s в_pr	3.345794522607056	43.0	1970426	15.0	1165252
технология_s в_pr	3.3170691902519565	34.0	1970426	11.0	1165252
гражданин_s к_pr	3.298585266289976	27.0	1970426	8.0	1165252
обучение_s в_pr	3.298585266289976	27.0	1970426	8.0	1165252
услуга_s по_pr	3.2740483441639636	24.0	1970426	24.0	1165252
место_s среди_pr	3.265182861528081	17.0	1970426	4.0	1165252
время_s с_pr	3.230337270646741	14.0	1970426	16.0	1165252
контракт_s на_pr	3.230337270646741	14.0	1970426	16.0	1165252
применение_s к_pr	3.224634407930723	22.0	1970426	6.0	1165252
страна_s к_pr	3.224634407930723	22.0	1970426	6.0	1165252
коммуникация_s в_pr	3.224634407930723	22.0	1970426	6.0	1165252
отсутствие_s в_pr	3.2245064251936135	36.0	1970426	12.0	1165252
тема_s для_pr	3.203142685236841	6.0	1970426	9.0	1165252
разрыв_s с_pr	3.161245789486344	5.0	1970426	8.0	1165252
реакция_s на_pr	3.1508244805011696	51.0	1970426	19.0	1165252
группа_s по_pr	3.1458959184048645	38.0	1970426	13.0	1165252
мир_s после_pr	3.134368856716999	8.0	1970426	1.0	1165252
форма_s к_pr	3.134368856716999	8.0	1970426	1.0	1165252
спор_s по_pr	3.134368856716999	8.0	1970426	1.0	1165252
определение_s в_pr	3.134368856716999	8.0	1970426	1.0	1165252
привлечение_s в_pr	3.134368856716999	8.0	1970426	1.0	1165252
кадр_s в_pr	3.134368856716999	8.0	1970426	1.0	1165252
выступление_s против_pr	3.134368856716999	8.0	1970426	1.0	1165252
сочетание_s со_pr	3.134368856716999	8.0	1970426	1.0	1165252
ввоз_s в_pr	3.134368856716999	8.0	1970426	1.0	1165252
различие_s по_pr	3.134368856716999	8.0	1970426	1.0	1165252
сдача_s в_pr	3.134368856716999	8.0	1970426	1.0	1165252
сша_s во_pr	3.134368856716999	8.0	1970426	1.0	1165252
образование_s с_pr	3.134368856716999	8.0	1970426	1.0	1165252
исследование_s о_pr	3.134368856716999	8.0	1970426	1.0	1165252
имущество_s на_pr	3.134368856716999	8.0	1970426	1.0	1165252
занятие_s по_pr	3.134368856716999	8.0	1970426	1.0	1165252
доход_s для_pr	3.134368856716999	8.0	1970426	1.0	1165252
взаимодействие_s на_pr	3.134368856716999	8.0	1970426	1.0	1165252
отличие_s в_pr	3.134368856716999	8.0	1970426	1.0	1165252
хранение_s в_pr	3.134368856716999	8.0	1970426	1.0	1165252
богатство_s в_pr	3.134368856716999	8.0	1970426	1.0	1165252
статус_s в_pr	3.1041518966493262	14.0	1970426	3.0	1165252
партия_s с_pr	3.1041518966493262	14.0	1970426	3.0	1165252
общество_s по_pr	3.1041518966493262	14.0	1970426	3.0	1165252
недостаток_s в_pr	3.1041518966493262	14.0	1970426	3.0	1165252
инновация_s в_pr	3.1041518966493262	14.0	1970426	3.0	1165252
сведение_s по_pr	3.1041518966493262	14.0	1970426	3.0	1165252
ввп_s на_pr	3.0183380374121485	11.0	1970426	2.0	1165252
среднее_s в_pr	3.0183380374121485	11.0	1970426	2.0	1165252
модель_s в_pr	3.0183380374121485	11.0	1970426	2.0	1165252
высказывание_s на_pr	3.0183380374121485	11.0	1970426	2.0	1165252
нужда_s в_pr	3.0183380374121485	11.0	1970426	2.0	1165252
борьба_s на_pr	3.0183380374121485	11.0	1970426	2.0	1165252
познание_s в_pr	3.0183380374121485	11.0	1970426	2.0	1165252
руководство_s в_pr	3.0183380374121485	11.0	1970426	2.0	1165252
группа_s на_pr	3.0183380374121485	11.0	1970426	2.0	1165252
роль_s на_pr	3.0183380374121485	11.0	1970426	2.0	1165252
управление_s с_pr	3.0183380374121485	11.0	1970426	2.0	1165252
сознание_s в_pr	3.0183380374121485	11.0	1970426	2.0	1165252
поведение_s на_pr	3.0183380374121485	11.0	1970426	2.0	1165252
поиск_s по_pr	3.0183380374121485	11.0	1970426	2.0	1165252
договор_s между_pr	2.990191849487333	19.0	1970426	5.0	1165252
сближение_s с_pr	2.978065870004775	12.0	1970426	14.0	1165252
месяц_s после_pr	2.941214625118354	17.0	1970426	18.0	1165252
исследование_s по_pr	2.897071798298267	26.0	1970426	8.0	1165252
продукт_s в_pr	2.897071798298267	26.0	1970426	8.0	1165252
проникновение_s в_pr	2.897071798298267	26.0	1970426	8.0	1165252
организация_s по_pr	2.8777383357896777	35.0	1970426	12.0	1165252
точка_s в_pr	2.8545090585987003	11.0	1970426	13.0	1165252
конфликт_s на_pr	2.8065282967540774	16.0	1970426	17.0	1165252
друг_s за_pr	2.7877793388912417	21.0	1970426	6.0	1165252
среда_s в_pr	2.7877793388912417	21.0	1970426	6.0	1165252
проведение_s в_pr	2.7877793388912417	21.0	1970426	6.0	1165252
сообщество_s в_pr	2.7877793388912417	21.0	1970426	6.0	1165252
рф_s о_pr	2.7877793388912417	21.0	1970426	6.0	1165252
друг_s по_pr	2.7702284062788625	16.0	1970426	4.0	1165252
расхождение_s между_pr	2.7702284062788625	16.0	1970426	4.0	1165252
срок_s в_pr	2.7702284062788625	16.0	1970426	4.0	1165252
регистрация_s в_pr	2.7702284062788625	16.0	1970426	4.0	1165252
упор_s на_pr	2.7702284062788625	16.0	1970426	4.0	1165252
население_s к_pr	2.7702284062788625	16.0	1970426	4.0	1165252
человек_s из_pr	2.706770624868774	28.0	1970426	26.0	1165252
предложение_s о_pr	2.6096828027478995	32.0	1970426	11.0	1165252
преимущество_s перед_pr	2.576453236425391	13.0	1970426	3.0	1165252
рынок_s для_pr	2.576453236425391	13.0	1970426	3.0	1165252
средство_s по_pr	2.576453236425391	13.0	1970426	3.0	1165252
человечество_s в_pr	2.576453236425391	13.0	1970426	3.0	1165252
препятствие_s на_pr	2.576453236425391	13.0	1970426	3.0	1165252
доведение_s до_pr	2.576453236425391	13.0	1970426	3.0	1165252
исследование_s на_pr	2.576453236425391	13.0	1970426	3.0	1165252
период_s на_pr	2.576453236425391	13.0	1970426	3.0	1165252
отношение_s со_pr	2.539552538150036	18.0	1970426	5.0	1165252
семья_s в_pr	2.5378728605422527	14.0	1970426	15.0	1165252
практика_s в_pr	2.513668370467518	25.0	1970426	8.0	1165252
план_s на_pr	2.5010746524925036	8.0	1970426	10.0	1165252
аналогия_s между_pr	2.45583269055359	7.0	1970426	1.0	1165252
взаимоотношения_s с_pr	2.45583269055359	7.0	1970426	1.0	1165252
тип_s с_pr	2.45583269055359	7.0	1970426	1.0	1165252
важность_s для_pr	2.45583269055359	7.0	1970426	1.0	1165252
формирование_s на_pr	2.45583269055359	7.0	1970426	1.0	1165252
разбирательство_s по_pr	2.45583269055359	7.0	1970426	1.0	1165252
сторона_s при_pr	2.45583269055359	7.0	1970426	1.0	1165252
простор_s для_pr	2.45583269055359	7.0	1970426	1.0	1165252
решение_s от_pr	2.45583269055359	7.0	1970426	1.0	1165252
продвижение_s в_pr	2.45583269055359	7.0	1970426	1.0	1165252
классификация_s по_pr	2.45583269055359	7.0	1970426	1.0	1165252
последствие_s в_pr	2.45583269055359	7.0	1970426	1.0	1165252
приток_s в_pr	2.45583269055359	7.0	1970426	1.0	1165252
фундамент_s для_pr	2.45583269055359	7.0	1970426	1.0	1165252
ученый_s к_pr	2.45583269055359	7.0	1970426	1.0	1165252
побуждение_s к_pr	2.45583269055359	7.0	1970426	1.0	1165252
рамка_s для_pr	2.45583269055359	7.0	1970426	1.0	1165252
деятельность_s для_pr	2.45583269055359	7.0	1970426	1.0	1165252
задача_s с_pr	2.45583269055359	7.0	1970426	1.0	1165252
единство_s в_pr	2.45583269055359	7.0	1970426	1.0	1165252
ответчик_s в_pr	2.45583269055359	7.0	1970426	1.0	1165252
полномочие_s для_pr	2.45583269055359	7.0	1970426	1.0	1165252
потенциал_s для_pr	2.45583269055359	7.0	1970426	1.0	1165252
прогноз_s на_pr	2.45583269055359	7.0	1970426	1.0	1165252
подход_s с_pr	2.45583269055359	7.0	1970426	1.0	1165252
меньшинство_s в_pr	2.45583269055359	7.0	1970426	1.0	1165252
представление_s на_pr	2.45583269055359	7.0	1970426	1.0	1165252
операция_s по_pr	2.4398635913925464	26.0	1970426	24.0	1165252
слово_s при_pr	2.438076283581867	10.0	1970426	2.0	1165252
использование_s для_pr	2.438076283581867	10.0	1970426	2.0	1165252
техника_s на_pr	2.438076283581867	10.0	1970426	2.0	1165252
валюта_s в_pr	2.438076283581867	10.0	1970426	2.0	1165252
орган_s о_pr	2.438076283581867	10.0	1970426	2.0	1165252
разделение_s на_pr	2.438076283581867	10.0	1970426	2.0	1165252
аппарат_s в_pr	2.438076283581867	10.0	1970426	2.0	1165252
наука_s на_pr	2.438076283581867	10.0	1970426	2.0	1165252
уход_s от_pr	2.438076283581867	10.0	1970426	2.0	1165252
действительность_s в_pr	2.438076283581867	10.0	1970426	2.0	1165252
страна_s от_pr	2.438076283581867	10.0	1970426	2.0	1165252
стратегия_s в_pr	2.438076283581867	10.0	1970426	2.0	1165252
значение_s с_pr	2.438076283581867	10.0	1970426	2.0	1165252
население_s на_pr	2.41837981889521	27.0	1970426	9.0	1165252
текст_s в_pr	2.4101058161834388	40.0	1970426	15.0	1165252
программа_s для_pr	2.4040100932110082	13.0	1970426	14.0	1165252
центр_s по_pr	2.3926293739028646	7.0	1970426	9.0	1165252
суд_s над_pr	2.3926293739028646	7.0	1970426	9.0	1165252
мир_s с_pr	2.3926293739028646	7.0	1970426	9.0	1165252
ресурс_s на_pr	2.3721073725488235	20.0	1970426	6.0	1165252
земля_s на_pr	2.3721073725488235	20.0	1970426	6.0	1165252
аргумент_s в_pr	2.341760546915002	29.0	1970426	10.0	1165252
опасность_s для_pr	2.3191175771161356	17.0	1970426	17.0	1165252
обстановка_s в_pr	2.3067810261354804	25.0	1970426	23.0	1165252
вопрос_s об_pr	2.3008155799683294	82.0	1970426	36.0	1165252
компромисс_s между_pr	2.3003137502720774	15.0	1970426	4.0	1165252
обязательство_s в_pr	2.3003137502720774	15.0	1970426	4.0	1165252
процесс_s на_pr	2.3003137502720774	15.0	1970426	4.0	1165252
сфера_s в_pr	2.3003137502720774	15.0	1970426	4.0	1165252
причина_s для_pr	2.2922496718897083	6.0	1970426	8.0	1165252
место_s по_pr	2.2705565764728988	12.0	1970426	13.0	1165252
борьба_s с_pr	2.2171897466766843	232.0	1970426	116.0	1165252
центр_s на_pr	2.204030816459687	5.0	1970426	7.0	1165252
отсутствие_s у_pr	2.1496709501290754	24.0	1970426	8.0	1165252
соглашение_s по_pr	2.137619191459634	11.0	1970426	12.0	1165252
процесс_s по_pr	2.137619191459634	11.0	1970426	12.0	1165252
готовность_s к_pr	2.113097625539446	17.0	1970426	5.0	1165252
пространство_s в_pr	2.113097625539446	17.0	1970426	5.0	1165252
расхождение_s в_pr	2.113097625539446	17.0	1970426	5.0	1165252
согласие_s с_pr	2.077671304709148	12.0	1970426	3.0	1165252
нация_s в_pr	2.077671304709148	12.0	1970426	3.0	1165252
потеря_s от_pr	2.077671304709148	12.0	1970426	3.0	1165252
язык_s у_pr	2.077671304709148	12.0	1970426	3.0	1165252
сотрудничество_s по_pr	2.077671304709148	12.0	1970426	3.0	1165252
автор_s в_pr	2.077671304709148	12.0	1970426	3.0	1165252
нагрузка_s на_pr	2.077671304709148	12.0	1970426	3.0	1165252
ответственность_s в_pr	2.077671304709148	12.0	1970426	3.0	1165252
аналогия_s с_pr	2.074016985124472	26.0	1970426	9.0	1165252
форма_s с_pr	2.074016985124472	26.0	1970426	9.0	1165252
контакт_s с_pr	2.047600896861928	67.0	1970426	29.0	1165252
вопрос_s в_pr	2.0411305891817246	51.0	1970426	21.0	1165252
комиссия_s по_pr	2.014711022960178	72.0	1970426	55.0	1165252
поступление_s в_pr	2.014123925183039	28.0	1970426	10.0	1165252
идея_s в_pr	1.9795350611859597	19.0	1970426	6.0	1165252
бюджет_s в_pr	1.9663457807178606	30.0	1970426	11.0	1165252
согласие_s на_pr	1.9663457807178606	30.0	1970426	11.0	1165252
союз_s в_pr	1.9663457807178606	30.0	1970426	11.0	1165252
день_s с_pr	1.9098615340956453	14.0	1970426	14.0	1165252
сторона_s от_pr	1.9098615340956453	14.0	1970426	14.0	1165252
притязание_s на_pr	1.8912890978657626	9.0	1970426	2.0	1165252
средство_s через_pr	1.8912890978657626	9.0	1970426	2.0	1165252
объединение_s по_pr	1.8912890978657626	9.0	1970426	2.0	1165252
предписание_s о_pr	1.8912890978657626	9.0	1970426	2.0	1165252
мнение_s относительно_pr	1.8912890978657626	9.0	1970426	2.0	1165252
народ_s к_pr	1.8912890978657626	9.0	1970426	2.0	1165252
убежденность_s в_pr	1.8912890978657626	9.0	1970426	2.0	1165252
квота_s на_pr	1.8912890978657626	9.0	1970426	2.0	1165252
гражданин_s при_pr	1.8912890978657626	9.0	1970426	2.0	1165252
период_s до_pr	1.8809620813629415	21.0	1970426	7.0	1165252
забота_s о_pr	1.873945764839264	9.0	1970426	10.0	1165252
поражение_s в_pr	1.873945764839264	9.0	1970426	10.0	1165252
соглашение_s о_pr	1.8619508805442617	97.0	1970426	45.0	1165252
баланс_s между_pr	1.858519559260829	14.0	1970426	4.0	1165252
сравнение_s со_pr	1.858519559260829	14.0	1970426	4.0	1165252
слово_s от_pr	1.858519559260829	14.0	1970426	4.0	1165252
интернет_s в_pr	1.858519559260829	14.0	1970426	4.0	1165252
власть_s на_pr	1.8385160000368561	40.0	1970426	16.0	1165252
информация_s об_pr	1.8269918889066634	42.0	1970426	17.0	1165252
кризис_s в_pr	1.8269918889066634	42.0	1970426	17.0	1165252
займ_s в_pr	1.8133355033838559	6.0	1970426	1.0	1165252
москва_s от_pr	1.8133355033838559	6.0	1970426	1.0	1165252
избавление_s от_pr	1.8133355033838559	6.0	1970426	1.0	1165252
вывод_s по_pr	1.8133355033838559	6.0	1970426	1.0	1165252
база_s по_pr	1.8133355033838559	6.0	1970426	1.0	1165252
обязанность_s перед_pr	1.8133355033838559	6.0	1970426	1.0	1165252
институт_s на_pr	1.8133355033838559	6.0	1970426	1.0	1165252
власть_s при_pr	1.8133355033838559	6.0	1970426	1.0	1165252
исключение_s в_pr	1.8133355033838559	6.0	1970426	1.0	1165252
препятствие_s в_pr	1.8133355033838559	6.0	1970426	1.0	1165252
взыскание_s с_pr	1.8133355033838559	6.0	1970426	1.0	1165252
структура_s к_pr	1.8133355033838559	6.0	1970426	1.0	1165252
материал_s с_pr	1.8133355033838559	6.0	1970426	1.0	1165252
явление_s на_pr	1.8133355033838559	6.0	1970426	1.0	1165252
проблема_s при_pr	1.8133355033838559	6.0	1970426	1.0	1165252
образование_s от_pr	1.8133355033838559	6.0	1970426	1.0	1165252
раздел_s в_pr	1.8133355033838559	6.0	1970426	1.0	1165252
масса_s с_pr	1.8133355033838559	6.0	1970426	1.0	1165252
китай_s с_pr	1.8133355033838559	6.0	1970426	1.0	1165252
позиция_s относительно_pr	1.8133355033838559	6.0	1970426	1.0	1165252
преобразование_s на_pr	1.8133355033838559	6.0	1970426	1.0	1165252
решение_s с_pr	1.8133355033838559	6.0	1970426	1.0	1165252
знак_s в_pr	1.8065208160370094	23.0	1970426	8.0	1165252
иск_s к_pr	1.8065208160370094	23.0	1970426	8.0	1165252
соглашение_s с_pr	1.777790547749234	21.0	1970426	19.0	1165252
вера_s в_pr	1.777790547749234	21.0	1970426	19.0	1165252
век_s в_pr	1.777790547749234	21.0	1970426	19.0	1165252
утверждение_s о_pr	1.7494455705424299	25.0	1970426	9.0	1165252
кампания_s по_pr	1.7437286790024977	8.0	1970426	9.0	1165252
ассигнование_s на_pr	1.7134172914482368	16.0	1970426	5.0	1165252
независимость_s от_pr	1.7134172914482368	16.0	1970426	5.0	1165252
плата_s в_pr	1.7134172914482368	16.0	1970426	5.0	1165252
случай_s в_pr	1.7052934119031065	27.0	1970426	10.0	1165252
угроза_s для_pr	1.6466419681252775	20.0	1970426	18.0	1165252
площадка_s для_pr	1.6370241720819818	12.0	1970426	12.0	1165252
свобода_s в_pr	1.6370241720819818	12.0	1970426	12.0	1165252
обращение_s к_pr	1.6338836537620107	88.0	1970426	41.0	1165252
выход_s на_pr	1.621440826594422	16.0	1970426	15.0	1165252
деньги_s в_pr	1.6172305098048945	59.0	1970426	26.0	1165252
время_s у_pr	1.6151686353233705	7.0	1970426	8.0	1165252
просьба_s о_pr	1.6151686353233705	7.0	1970426	8.0	1165252
пример_s для_pr	1.6151686353233705	7.0	1970426	8.0	1165252
интервью_s с_pr	1.6151686353233705	7.0	1970426	8.0	1165252
наступление_s на_pr	1.6151686353233705	7.0	1970426	8.0	1165252
исследователь_s к_pr	1.6123172039653615	11.0	1970426	3.0	1165252
время_s к_pr	1.6123172039653615	11.0	1970426	3.0	1165252
период_s между_pr	1.6123172039653615	11.0	1970426	3.0	1165252
актив_s в_pr	1.6123172039653615	11.0	1970426	3.0	1165252
сделка_s между_pr	1.6123172039653615	11.0	1970426	3.0	1165252
поиск_s в_pr	1.6123172039653615	11.0	1970426	3.0	1165252
пример_s в_pr	1.6123172039653615	11.0	1970426	3.0	1165252
рабочий_s в_pr	1.6123172039653615	11.0	1970426	3.0	1165252
высказывание_s в_pr	1.6122532125968068	18.0	1970426	6.0	1165252
данные_s об_pr	1.6122532125968068	18.0	1970426	6.0	1165252
класс_s в_pr	1.6122532125968068	18.0	1970426	6.0	1165252
война_s в_pr	1.608986265896382	57.0	1970426	25.0	1165252
правительство_s в_pr	1.608701500032244	35.0	1970426	14.0	1165252
специалист_s в_pr	1.5974047321395304	37.0	1970426	15.0	1165252
соответствие_s с_pr	1.5844912691122222	41.0	1970426	17.0	1165252
речь_s на_pr	1.5393811334814655	20.0	1970426	7.0	1165252
дело_s в_pr	1.5262637509081323	123.0	1970426	60.0	1165252
надпись_s на_pr	1.5006054910751496	11.0	1970426	11.0	1165252
разговор_s о_pr	1.5006054910751496	11.0	1970426	11.0	1165252
миф_s о_pr	1.5006054910751496	11.0	1970426	11.0	1165252
человек_s на_pr	1.4994844869228174	70.0	1970426	32.0	1165252
действие_s против_pr	1.4890329350023874	6.0	1970426	7.0	1165252
совещание_s по_pr	1.4890329350023874	6.0	1970426	7.0	1165252
человек_s по_pr	1.4872480797656236	15.0	1970426	14.0	1165252
суд_s с_pr	1.4858272981767735	22.0	1970426	8.0	1165252
обращение_s с_pr	1.4609333934856448	29.0	1970426	24.0	1165252
механизм_s в_pr	1.4485358991491335	13.0	1970426	4.0	1165252
рассуждение_s о_pr	1.4485358991491335	13.0	1970426	4.0	1165252
корень_s в_pr	1.4485358991491335	13.0	1970426	4.0	1165252
сложность_s в_pr	1.4485358991491335	13.0	1970426	4.0	1165252
сделка_s по_pr	1.4485358991491335	13.0	1970426	4.0	1165252
прием_s в_pr	1.4485358991491335	13.0	1970426	4.0	1165252
требование_s по_pr	1.4485358991491335	13.0	1970426	4.0	1165252
партнер_s в_pr	1.4485358991491335	13.0	1970426	4.0	1165252
предложение_s об_pr	1.3851142031394312	8.0	1970426	2.0	1165252
район_s с_pr	1.3851142031394312	8.0	1970426	2.0	1165252
задача_s для_pr	1.3851142031394312	8.0	1970426	2.0	1165252
итог_s к_pr	1.3851142031394312	8.0	1970426	2.0	1165252
размещение_s на_pr	1.3851142031394312	8.0	1970426	2.0	1165252
инвестиция_s на_pr	1.3851142031394312	8.0	1970426	2.0	1165252
основное_s на_pr	1.3851142031394312	8.0	1970426	2.0	1165252
платеж_s по_pr	1.3851142031394312	8.0	1970426	2.0	1165252
информация_s для_pr	1.3851142031394312	8.0	1970426	2.0	1165252
сша_s за_pr	1.3851142031394312	8.0	1970426	2.0	1165252
ценность_s для_pr	1.3851142031394312	8.0	1970426	2.0	1165252
среда_s для_pr	1.3851142031394312	8.0	1970426	2.0	1165252
формирование_s у_pr	1.3851142031394312	8.0	1970426	2.0	1165252
территория_s на_pr	1.3851142031394312	8.0	1970426	2.0	1165252
процедура_s в_pr	1.3851142031394312	8.0	1970426	2.0	1165252
пространство_s на_pr	1.3851142031394312	8.0	1970426	2.0	1165252
фактор_s при_pr	1.3851142031394312	8.0	1970426	2.0	1165252
звук_s на_pr	1.3851142031394312	8.0	1970426	2.0	1165252
нахождение_s на_pr	1.3666498617581966	5.0	1970426	6.0	1165252
оппозиция_s с_pr	1.3666498617581966	5.0	1970426	6.0	1165252
причина_s в_pr	1.3666498617581966	5.0	1970426	6.0	1165252
сумма_s в_pr	1.3641868100683183	10.0	1970426	10.0	1165252
база_s в_pr	1.3641868100683183	10.0	1970426	10.0	1165252
европа_s в_pr	1.355437521052357	38.0	1970426	16.0	1165252
оппозиция_s в_pr	1.353385312434387	14.0	1970426	13.0	1165252
содержание_s в_pr	1.3435443438306724	15.0	1970426	5.0	1165252
страна_s по_pr	1.3435443438306724	15.0	1970426	5.0	1165252
поколение_s в_pr	1.3435443438306724	15.0	1970426	5.0	1165252
борьба_s между_pr	1.3435443438306724	15.0	1970426	5.0	1165252
ситуация_s на_pr	1.3152244626772909	21.0	1970426	18.0	1165252
статья_s в_pr	1.3152244626772909	21.0	1970426	18.0	1165252
стимул_s для_pr	1.2727822389717334	17.0	1970426	6.0	1165252
кандидат_s в_pr	1.2714029114316592	37.0	1970426	29.0	1165252
пребывание_s в_pr	1.2641003239262822	24.0	1970426	20.0	1165252
работа_s над_pr	1.2589717690871272	40.0	1970426	31.0	1165252
членство_s в_pr	1.2571556229643317	17.0	1970426	15.0	1165252
мера_s для_pr	1.2571556229643317	17.0	1970426	15.0	1165252
компенсация_s за_pr	1.2277681290614888	9.0	1970426	9.0	1165252
бюджет_s на_pr	1.2267889247587211	27.0	1970426	22.0	1165252
успех_s в_pr	1.2267889247587211	27.0	1970426	22.0	1165252
некоторые_s из_pr	1.2267889247587211	27.0	1970426	22.0	1165252
спор_s между_pr	1.2237508755282747	19.0	1970426	7.0	1165252
путь_s в_pr	1.2199317956962732	13.0	1970426	12.0	1165252
страна_s со_pr	1.2190381417909335	5.0	1970426	1.0	1165252
привязка_s к_pr	1.2190381417909335	5.0	1970426	1.0	1165252
случай_s от_pr	1.2190381417909335	5.0	1970426	1.0	1165252
трудность_s на_pr	1.2190381417909335	5.0	1970426	1.0	1165252
политика_s за_pr	1.2190381417909335	5.0	1970426	1.0	1165252
документ_s из_pr	1.2190381417909335	5.0	1970426	1.0	1165252
сша_s при_pr	1.2190381417909335	5.0	1970426	1.0	1165252
строй_s в_pr	1.2190381417909335	5.0	1970426	1.0	1165252
заключение_s на_pr	1.2190381417909335	5.0	1970426	1.0	1165252
род_s в_pr	1.2190381417909335	5.0	1970426	1.0	1165252
линия_s на_pr	1.2190381417909335	5.0	1970426	1.0	1165252
пункт_s для_pr	1.2190381417909335	5.0	1970426	1.0	1165252
выход_s за_pr	1.2190381417909335	5.0	1970426	1.0	1165252
содержание_s по_pr	1.2190381417909335	5.0	1970426	1.0	1165252
система_s при_pr	1.2190381417909335	5.0	1970426	1.0	1165252
аргумент_s против_pr	1.2190381417909335	5.0	1970426	1.0	1165252
самостоятельность_s в_pr	1.2190381417909335	5.0	1970426	1.0	1165252
вопрос_s от_pr	1.2190381417909335	5.0	1970426	1.0	1165252
величина_s в_pr	1.2190381417909335	5.0	1970426	1.0	1165252
диалог_s с_pr	1.191318893295783	20.0	1970426	17.0	1165252
уход_s за_pr	1.1893951840734704	21.0	1970426	8.0	1165252
прибыль_s от_pr	1.1893951840734704	21.0	1970426	8.0	1165252
часть_s в_pr	1.1893951840734704	21.0	1970426	8.0	1165252
мысль_s об_pr	1.1860536862744118	10.0	1970426	3.0	1165252
обмен_s между_pr	1.1860536862744118	10.0	1970426	3.0	1165252
полномочие_s на_pr	1.1860536862744118	10.0	1970426	3.0	1165252
граница_s на_pr	1.1860536862744118	10.0	1970426	3.0	1165252
посредник_s в_pr	1.1860536862744118	10.0	1970426	3.0	1165252
инициатива_s в_pr	1.1860536862744118	10.0	1970426	3.0	1165252
основное_s в_pr	1.1860536862744118	10.0	1970426	3.0	1165252
материал_s на_pr	1.1860536862744118	10.0	1970426	3.0	1165252
товар_s для_pr	1.1860536862744118	10.0	1970426	3.0	1165252
оборот_s в_pr	1.1860536862744118	10.0	1970426	3.0	1165252
запись_s в_pr	1.165423532119771	23.0	1970426	9.0	1165252
спор_s о_pr	1.165423532119771	23.0	1970426	9.0	1165252
срок_s до_pr	1.1504077899841647	41.0	1970426	18.0	1165252
россия_s с_pr	1.1430074360493476	39.0	1970426	17.0	1165252
целое_s по_pr	1.1323493943285143	29.0	1970426	12.0	1165252
эксперт_s в_pr	1.0913494480546544	8.0	1970426	8.0	1165252
нарушение_s в_pr	1.0913494480546544	8.0	1970426	8.0	1165252
инструмент_s для_pr	1.0869944106830083	12.0	1970426	11.0	1165252
часть_s из_pr	1.0869944106830083	12.0	1970426	11.0	1165252
потеря_s в_pr	1.0748354750645377	12.0	1970426	4.0	1165252
принуждение_s к_pr	1.0748354750645377	12.0	1970426	4.0	1165252
среднее_s на_pr	1.0748354750645377	12.0	1970426	4.0	1165252
обязательство_s перед_pr	1.0748354750645377	12.0	1970426	4.0	1165252
десятилетие_s в_pr	1.0748354750645377	12.0	1970426	4.0	1165252
участие_s в_pr	1.048589162500587	376.0	1970426	242.0	1165252
выбор_s в_pr	1.0070619625915196	14.0	1970426	5.0	1165252
выделение_s в_pr	1.0070619625915196	14.0	1970426	5.0	1165252
район_s в_pr	1.0070619625915196	14.0	1970426	5.0	1165252
положение_s на_pr	1.0070619625915196	14.0	1970426	5.0	1165252
данные_s о_pr	0.9768480667100476	63.0	1970426	30.0	1165252
учет_s в_pr	0.9640423264733835	16.0	1970426	6.0	1165252
культура_s на_pr	0.9640423264733835	16.0	1970426	6.0	1165252
война_s с_pr	0.9599111586558493	34.0	1970426	26.0	1165252
защита_s от_pr	0.9566924956010885	40.0	1970426	18.0	1165252
установка_s в_pr	0.9549307670478226	7.0	1970426	7.0	1165252
поле_s для_pr	0.9549307670478226	7.0	1970426	7.0	1165252
сша_s по_pr	0.9547208207624225	11.0	1970426	10.0	1165252
консультация_s с_pr	0.9547208207624225	11.0	1970426	10.0	1165252
позиция_s на_pr	0.9547208207624225	11.0	1970426	10.0	1165252
дополнение_s к_pr	0.9348006246901539	36.0	1970426	16.0	1165252
число_s в_pr	0.9292597796304145	7.0	1970426	2.0	1165252
иерархия_s в_pr	0.9292597796304145	7.0	1970426	2.0	1165252
задолженность_s в_pr	0.9292597796304145	7.0	1970426	2.0	1165252
цель_s на_pr	0.9292597796304145	7.0	1970426	2.0	1165252
объединение_s с_pr	0.9292597796304145	7.0	1970426	2.0	1165252
подъем_s в_pr	0.9292597796304145	7.0	1970426	2.0	1165252
значение_s на_pr	0.9292597796304145	7.0	1970426	2.0	1165252
декларация_s об_pr	0.9292597796304145	7.0	1970426	2.0	1165252
политика_s во_pr	0.9292597796304145	7.0	1970426	2.0	1165252
сделка_s на_pr	0.9292597796304145	7.0	1970426	2.0	1165252
движение_s с_pr	0.9292597796304145	7.0	1970426	2.0	1165252
случай_s к_pr	0.9292597796304145	7.0	1970426	2.0	1165252
рост_s на_pr	0.9292597796304145	7.0	1970426	2.0	1165252
наличие_s на_pr	0.9292597796304145	7.0	1970426	2.0	1165252
предложение_s к_pr	0.9292597796304145	7.0	1970426	2.0	1165252
индия_s в_pr	0.9192580000184281	20.0	1970426	8.0	1165252
жительство_s в_pr	0.9092573370132211	22.0	1970426	9.0	1165252
прибыль_s в_pr	0.9092573370132211	22.0	1970426	9.0	1165252
друг_s в_pr	0.9076478059805391	55.0	1970426	26.0	1165252
наказание_s за_pr	0.9037415472462733	26.0	1970426	11.0	1165252
россия_s к_pr	0.8768163084515237	14.0	1970426	12.0	1165252
приход_s к_pr	0.8768163084515237	14.0	1970426	12.0	1165252
путь_s от_pr	0.8233209840626388	10.0	1970426	9.0	1165252
коррупция_s в_pr	0.8185120860409909	6.0	1970426	6.0	1165252
объявление_s о_pr	0.8185120860409909	6.0	1970426	6.0	1165252
штраф_s за_pr	0.8185120860409909	6.0	1970426	6.0	1165252
человек_s при_pr	0.8185120860409909	6.0	1970426	6.0	1165252
закон_s по_pr	0.8185120860409909	6.0	1970426	6.0	1165252
решение_s для_pr	0.8185120860409909	6.0	1970426	6.0	1165252
проблема_s на_pr	0.8061266062984034	9.0	1970426	3.0	1165252
кредит_s под_pr	0.8061266062984034	9.0	1970426	3.0	1165252
группировка_s в_pr	0.8061266062984034	9.0	1970426	3.0	1165252
след_s в_pr	0.8061266062984034	9.0	1970426	3.0	1165252
запрос_s в_pr	0.8061266062984034	9.0	1970426	3.0	1165252
ссср_s на_pr	0.8061266062984034	9.0	1970426	3.0	1165252
несогласие_s с_pr	0.8061266062984034	9.0	1970426	3.0	1165252
количество_s в_pr	0.8061266062984034	9.0	1970426	3.0	1165252
помощь_s по_pr	0.8061266062984034	9.0	1970426	3.0	1165252
ученый_s в_pr	0.8061266062984034	9.0	1970426	3.0	1165252
исследователь_s в_pr	0.8061266062984034	9.0	1970426	3.0	1165252
народ_s на_pr	0.8061266062984034	9.0	1970426	3.0	1165252
агентство_s в_pr	0.8061266062984034	9.0	1970426	3.0	1165252
признание_s в_pr	0.8061266062984034	9.0	1970426	3.0	1165252
экономика_s при_pr	0.8061266062984034	9.0	1970426	3.0	1165252
россия_s в_pr	0.7881485686286869	151.0	1970426	79.0	1165252
удар_s по_pr	0.7812975618635729	23.0	1970426	18.0	1165252
женщина_s в_pr	0.7729893366254288	69.0	1970426	34.0	1165252
победа_s на_pr	0.75325949704545	13.0	1970426	11.0	1165252
лицо_s к_pr	0.7497422434614087	35.0	1970426	16.0	1165252
тысячелетие_s до_pr	0.7429136490883868	11.0	1970426	4.0	1165252
среднее_s по_pr	0.7429136490883868	11.0	1970426	4.0	1165252
вознаграждение_s за_pr	0.7429136490883868	11.0	1970426	4.0	1165252
выписка_s из_pr	0.7429136490883868	11.0	1970426	4.0	1165252
стоимость_s в_pr	0.7429136490883868	11.0	1970426	4.0	1165252
ес_s в_pr	0.7362626936255623	33.0	1970426	15.0	1165252
эксперт_s по_pr	0.7130344423684125	16.0	1970426	13.0	1165252
пробел_s в_pr	0.7082466401920491	13.0	1970426	5.0	1165252
монополия_s в_pr	0.7082466401920491	13.0	1970426	5.0	1165252
учреждение_s в_pr	0.7082466401920491	13.0	1970426	5.0	1165252
работа_s по_pr	0.6985837552773173	163.0	1970426	107.0	1165252
перевод_s с_pr	0.6918834691369353	25.0	1970426	11.0	1165252
документ_s для_pr	0.689443500013819	15.0	1970426	6.0	1165252
оборудование_s для_pr	0.689443500013819	15.0	1970426	6.0	1165252
показатель_s в_pr	0.689443500013819	15.0	1970426	6.0	1165252
решение_s на_pr	0.689443500013819	15.0	1970426	6.0	1165252
отрыв_s от_pr	0.689443500013819	15.0	1970426	6.0	1165252
средство_s на_pr	0.6880933696582723	72.0	1970426	36.0	1165252
мысль_s о_pr	0.6865828618774641	46.0	1970426	22.0	1165252
ставка_s на_pr	0.684497814355157	23.0	1970426	10.0	1165252
устройство_s для_pr	0.6820934050341592	5.0	1970426	5.0	1165252
канал_s в_pr	0.6820934050341592	5.0	1970426	5.0	1165252
партия_s на_pr	0.6803768630605753	17.0	1970426	7.0	1165252
ввод_s в_pr	0.6803768630605753	17.0	1970426	7.0	1165252
декларация_s о_pr	0.6803768630605753	17.0	1970426	7.0	1165252
пошлина_s на_pr	0.6795042407458345	21.0	1970426	9.0	1165252
предприятие_s по_pr	0.6795042407458345	21.0	1970426	9.0	1165252
взаимодействие_s в_pr	0.6795042407458345	21.0	1970426	9.0	1165252
знакомство_s с_pr	0.6795042407458345	21.0	1970426	9.0	1165252
наблюдение_s над_pr	0.6777187605261785	19.0	1970426	8.0	1165252
война_s за_pr	0.6777187605261785	19.0	1970426	8.0	1165252
борьба_s против_pr	0.6777187605261785	19.0	1970426	8.0	1165252
совет_s по_pr	0.6685003861776115	28.0	1970426	21.0	1165252
решение_s об_pr	0.659338816316331	57.0	1970426	28.0	1165252
суд_s по_pr	0.621560011609378	53.0	1970426	26.0	1165252
договор_s с_pr	0.599435198883647	36.0	1970426	17.0	1165252
присутствие_s в_pr	0.5827596246992295	18.0	1970426	14.0	1165252
регион_s в_pr	0.5827596246992295	18.0	1970426	14.0	1165252
власть_s над_pr	0.5827596246992295	18.0	1970426	14.0	1165252
разница_s в_pr	0.5660925911973891	32.0	1970426	15.0	1165252
переход_s на_pr	0.5650363508881018	47.0	1970426	23.0	1165252
правило_s для_pr	0.5645438545467454	8.0	1970426	7.0	1165252
проект_s для_pr	0.5645438545467454	8.0	1970426	7.0	1165252
вступление_s в_pr	0.5382264026377088	55.0	1970426	38.0	1165252
исполнение_s в_pr	0.5374177375322688	6.0	1970426	2.0	1165252
дискуссия_s с_pr	0.5374177375322688	6.0	1970426	2.0	1165252
голосование_s на_pr	0.5374177375322688	6.0	1970426	2.0	1165252
перерыв_s в_pr	0.5374177375322688	6.0	1970426	2.0	1165252
материал_s из_pr	0.5374177375322688	6.0	1970426	2.0	1165252
место_s во_pr	0.5374177375322688	6.0	1970426	2.0	1165252
время_s из_pr	0.5374177375322688	6.0	1970426	2.0	1165252
отношение_s ко_pr	0.5374177375322688	6.0	1970426	2.0	1165252
параллель_s между_pr	0.5374177375322688	6.0	1970426	2.0	1165252
поворот_s в_pr	0.5374177375322688	6.0	1970426	2.0	1165252
сведение_s из_pr	0.5374177375322688	6.0	1970426	2.0	1165252
функция_s между_pr	0.5374177375322688	6.0	1970426	2.0	1165252
анализ_s с_pr	0.5374177375322688	6.0	1970426	2.0	1165252
период_s с_pr	0.5351837319564412	56.0	1970426	28.0	1165252
книга_s о_pr	0.5138967031459667	11.0	1970426	9.0	1165252
кризис_s на_pr	0.5138967031459667	11.0	1970426	9.0	1165252
сходство_s с_pr	0.5138967031459667	11.0	1970426	9.0	1165252
усилие_s по_pr	0.5044840357742477	24.0	1970426	11.0	1165252
друг_s на_pr	0.5030734121386216	32.0	1970426	23.0	1165252
пребывание_s на_pr	0.490841795750375	22.0	1970426	10.0	1165252
проект_s по_pr	0.49016535679908024	14.0	1970426	11.0	1165252
возраст_s от_pr	0.49016535679908024	14.0	1970426	11.0	1165252
сотрудничество_s в_pr	0.48897816138072336	72.0	1970426	37.0	1165252
поток_s в_pr	0.48202116323669175	8.0	1970426	3.0	1165252
лицо_s из_pr	0.48202116323669175	8.0	1970426	3.0	1165252
восток_s в_pr	0.48202116323669175	8.0	1970426	3.0	1165252
процесс_s с_pr	0.48202116323669175	8.0	1970426	3.0	1165252
дума_s в_pr	0.48202116323669175	8.0	1970426	3.0	1165252
порядок_s на_pr	0.48202116323669175	8.0	1970426	3.0	1165252
приобщение_s к_pr	0.48202116323669175	8.0	1970426	3.0	1165252
работа_s о_pr	0.48202116323669175	8.0	1970426	3.0	1165252
выборы_s на_pr	0.48202116323669175	8.0	1970426	3.0	1165252
переход_s в_pr	0.4799050241397058	23.0	1970426	17.0	1165252
содействие_s в_pr	0.46740031234507695	18.0	1970426	8.0	1165252
участок_s в_pr	0.46740031234507695	18.0	1970426	8.0	1165252
выбор_s между_pr	0.46740031234507695	18.0	1970426	8.0	1165252
заключение_s по_pr	0.46740031234507695	18.0	1970426	8.0	1165252
территория_s в_pr	0.45962900000921403	10.0	1970426	4.0	1165252
вторжение_s в_pr	0.45962900000921403	10.0	1970426	4.0	1165252
эксперимент_s в_pr	0.45962900000921403	10.0	1970426	4.0	1165252
программа_s с_pr	0.45962900000921403	10.0	1970426	4.0	1165252
человек_s во_pr	0.45962900000921403	10.0	1970426	4.0	1165252
срок_s для_pr	0.45962900000921403	10.0	1970426	4.0	1165252
страна_s для_pr	0.45962900000921403	10.0	1970426	4.0	1165252
голос_s в_pr	0.45962900000921403	10.0	1970426	4.0	1165252
грань_s между_pr	0.45962900000921403	10.0	1970426	4.0	1165252
человек_s для_pr	0.4586208895477357	16.0	1970426	7.0	1165252
документ_s на_pr	0.4586208895477357	16.0	1970426	7.0	1165252
шаг_s по_pr	0.4586208895477357	16.0	1970426	7.0	1165252
проблема_s для_pr	0.4586208895477357	16.0	1970426	7.0	1165252
ходатайство_s о_pr	0.45300282716388907	14.0	1970426	6.0	1165252
усилие_s на_pr	0.45300282716388907	14.0	1970426	6.0	1165252
ущерб_s для_pr	0.45300282716388907	14.0	1970426	6.0	1165252
возраст_s до_pr	0.45300282716388907	14.0	1970426	6.0	1165252
действие_s для_pr	0.45300282716388907	14.0	1970426	6.0	1165252
инструмент_s в_pr	0.45300282716388907	14.0	1970426	6.0	1165252
борец_s за_pr	0.43840815422576185	7.0	1970426	6.0	1165252
женщина_s на_pr	0.43840815422576185	7.0	1970426	6.0	1165252
размышление_s о_pr	0.43840815422576185	7.0	1970426	6.0	1165252
представитель_s в_pr	0.43840815422576185	7.0	1970426	6.0	1165252
сторона_s в_pr	0.4358010974843687	34.0	1970426	24.0	1165252
жизнь_s в_pr	0.4242433603824809	56.0	1970426	38.0	1165252
власть_s от_pr	0.39982509093925467	10.0	1970426	8.0	1165252
сша_s на_pr	0.39982509093925467	10.0	1970426	8.0	1165252
поддержка_s в_pr	0.385299187311094	13.0	1970426	10.0	1165252
статья_s о_pr	0.385299187311094	13.0	1970426	10.0	1165252
посягательство_s на_pr	0.38200022067292094	16.0	1970426	12.0	1165252
давление_s на_pr	0.36316038954187047	38.0	1970426	19.0	1165252
шаг_s к_pr	0.32561602223668196	21.0	1970426	10.0	1165252
операция_s на_pr	0.32561602223668196	21.0	1970426	10.0	1165252
будущее_s в_pr	0.31602508098157056	6.0	1970426	5.0	1165252
многое_s в_pr	0.31602508098157056	6.0	1970426	5.0	1165252
статистика_s по_pr	0.31602508098157056	6.0	1970426	5.0	1165252
россия_s на_pr	0.2927646817821792	32.0	1970426	22.0	1165252
вопрос_s на_pr	0.29137981234961474	9.0	1970426	7.0	1165252
очередь_s в_pr	0.29137981234961474	9.0	1970426	7.0	1165252
сообщение_s в_pr	0.29137981234961474	9.0	1970426	7.0	1165252
критика_s в_pr	0.29137981234961474	9.0	1970426	7.0	1165252
договор_s на_pr	0.2913081484665323	17.0	1970426	8.0	1165252
связь_s в_pr	0.29116980142440685	41.0	1970426	21.0	1165252
претендент_s на_pr	0.29002873816610597	15.0	1970426	11.0	1165252
дело_s о_pr	0.27553507197915295	72.0	1970426	47.0	1165252
вещь_s в_pr	0.27496248468103346	15.0	1970426	7.0	1165252
преступление_s в_pr	0.27496248468103346	15.0	1970426	7.0	1165252
страх_s перед_pr	0.27496248468103346	15.0	1970426	7.0	1165252
случай_s на_pr	0.27496248468103346	15.0	1970426	7.0	1165252
компонент_s в_pr	0.259499314536515	13.0	1970426	6.0	1165252
письмо_s в_pr	0.259499314536515	13.0	1970426	6.0	1165252
разработка_s в_pr	0.259499314536515	13.0	1970426	6.0	1165252
приближение_s к_pr	0.2454208978751875	11.0	1970426	5.0	1165252
служба_s при_pr	0.2454208978751875	11.0	1970426	5.0	1165252
деньги_s для_pr	0.2454208978751875	11.0	1970426	5.0	1165252
передача_s на_pr	0.23370015617253848	9.0	1970426	4.0	1165252
кадр_s для_pr	0.23370015617253848	9.0	1970426	4.0	1165252
солидарность_s с_pr	0.23370015617253848	9.0	1970426	4.0	1165252
китай_s в_pr	0.23370015617253848	9.0	1970426	4.0	1165252
данные_s для_pr	0.23370015617253848	9.0	1970426	4.0	1165252
деньги_s с_pr	0.23370015617253848	9.0	1970426	4.0	1165252
сходство_s между_pr	0.23370015617253848	9.0	1970426	4.0	1165252
гражданин_s от_pr	0.23370015617253848	9.0	1970426	4.0	1165252
франция_s в_pr	0.23163201035045278	20.0	1970426	14.0	1165252
обмен_s на_pr	0.23163201035045278	20.0	1970426	14.0	1165252
рф_s к_pr	0.22981450000460701	5.0	1970426	2.0	1165252
характеристика_s в_pr	0.22981450000460701	5.0	1970426	2.0	1165252
продвижение_s к_pr	0.22981450000460701	5.0	1970426	2.0	1165252
долг_s перед_pr	0.22981450000460701	5.0	1970426	2.0	1165252
законодательство_s с_pr	0.22981450000460701	5.0	1970426	2.0	1165252
документ_s к_pr	0.22981450000460701	5.0	1970426	2.0	1165252
доклад_s на_pr	0.22981450000460701	5.0	1970426	2.0	1165252
справедливость_s ради_pr	0.22981450000460701	5.0	1970426	2.0	1165252
использование_s на_pr	0.22981450000460701	5.0	1970426	2.0	1165252
размер_s от_pr	0.22981450000460701	5.0	1970426	2.0	1165252
борьба_s со_pr	0.22981450000460701	5.0	1970426	2.0	1165252
дело_s для_pr	0.22981450000460701	5.0	1970426	2.0	1165252
аргумент_s для_pr	0.22981450000460701	5.0	1970426	2.0	1165252
преподавание_s в_pr	0.22981450000460701	5.0	1970426	2.0	1165252
вариант_s в_pr	0.22981450000460701	5.0	1970426	2.0	1165252
мера_s на_pr	0.22981450000460701	5.0	1970426	2.0	1165252
единство_s с_pr	0.22981450000460701	5.0	1970426	2.0	1165252
начало_s в_pr	0.2293644565527604	24.0	1970426	12.0	1165252
дело_s на_pr	0.2293644565527604	24.0	1970426	12.0	1165252
сомнение_s в_pr	0.22887091052318986	31.0	1970426	21.0	1165252
итог_s в_pr	0.22650141358194453	7.0	1970426	3.0	1165252
снятие_s с_pr	0.22650141358194453	7.0	1970426	3.0	1165252
переход_s между_pr	0.22650141358194453	7.0	1970426	3.0	1165252
господство_s в_pr	0.22650141358194453	7.0	1970426	3.0	1165252
сфера_s с_pr	0.22650141358194453	7.0	1970426	3.0	1165252
препятствие_s к_pr	0.22650141358194453	7.0	1970426	3.0	1165252
перспектива_s для_pr	0.22650141358194453	7.0	1970426	3.0	1165252
обсуждение_s на_pr	0.22650141358194453	7.0	1970426	3.0	1165252
контракт_s в_pr	0.22650141358194453	7.0	1970426	3.0	1165252
противостояние_s в_pr	0.22650141358194453	7.0	1970426	3.0	1165252
успех_s на_pr	0.22650141358194453	7.0	1970426	3.0	1165252
построение_s в_pr	0.22650141358194453	7.0	1970426	3.0	1165252
интеграция_s с_pr	0.22650141358194453	7.0	1970426	3.0	1165252
программа_s в_pr	0.2102507518400305	22.0	1970426	11.0	1165252
строительство_s в_pr	0.20556250981286972	14.0	1970426	10.0	1165252
вывод_s из_pr	0.20556250981286972	14.0	1970426	10.0	1165252
очередь_s на_pr	0.19991254546962733	5.0	1970426	4.0	1165252
популярность_s в_pr	0.19991254546962733	5.0	1970426	4.0	1165252
усилие_s к_pr	0.19991254546962733	5.0	1970426	4.0	1165252
семья_s на_pr	0.19991254546962733	5.0	1970426	4.0	1165252
мнение_s по_pr	0.19571261979467836	11.0	1970426	8.0	1165252
ряд_s с_pr	0.19571261979467836	11.0	1970426	8.0	1165252
война_s между_pr	0.19571261979467836	11.0	1970426	8.0	1165252
война_s против_pr	0.19571261979467836	11.0	1970426	8.0	1165252
конфликт_s с_pr	0.19545335059081292	25.0	1970426	17.0	1165252
наблюдение_s за_pr	0.19113704712730017	20.0	1970426	10.0	1165252
время_s для_pr	0.19113704712730017	20.0	1970426	10.0	1165252
сторона_s на_pr	0.19100011033646047	8.0	1970426	6.0	1165252
комиссия_s в_pr	0.19100011033646047	8.0	1970426	6.0	1165252
движение_s в_pr	0.18798392399220676	33.0	1970426	22.0	1165252
комментарий_s к_pr	0.17889867250374847	22.0	1970426	15.0	1165252
счет_s в_pr	0.17202334241456807	18.0	1970426	9.0	1165252
месяц_s до_pr	0.17202334241456807	18.0	1970426	9.0	1165252
договор_s об_pr	0.17202334241456807	18.0	1970426	9.0	1165252
предложение_s по_pr	0.1613365150038275	52.0	1970426	28.0	1165252
доверие_s к_pr	0.1463823408910896	16.0	1970426	11.0	1165252
кредит_s на_pr	0.1463823408910896	16.0	1970426	11.0	1165252
публикация_s в_pr	0.1463823408910896	16.0	1970426	11.0	1165252
запрет_s на_pr	0.1394757870944221	64.0	1970426	35.0	1165252
путь_s к_pr	0.13659967707639575	41.0	1970426	22.0	1165252
план_s в_pr	0.1337959329891103	14.0	1970426	7.0	1165252
материал_s для_pr	0.11645979764019732	46.0	1970426	25.0	1165252
референдум_s о_pr	0.11581600517522639	10.0	1970426	7.0	1165252
время_s после_pr	0.11581600517522639	10.0	1970426	7.0	1165252
материал_s о_pr	0.11581600517522639	10.0	1970426	7.0	1165252
цена_s за_pr	0.11581600517522639	10.0	1970426	7.0	1165252
возвращение_s к_pr	0.11581600517522639	10.0	1970426	7.0	1165252
предпринимательство_s в_pr	0.1146822282763802	12.0	1970426	6.0	1165252
открытие_s в_pr	0.1146822282763802	12.0	1970426	6.0	1165252
долг_s по_pr	0.10278125490643486	7.0	1970426	5.0	1165252
тип_s в_pr	0.10278125490643486	7.0	1970426	5.0	1165252
точка_s для_pr	0.10278125490643486	7.0	1970426	5.0	1165252
россия_s во_pr	0.10278125490643486	7.0	1970426	5.0	1165252
уровень_s с_pr	0.10278125490643486	7.0	1970426	5.0	1165252
организация_s для_pr	0.10278125490643486	7.0	1970426	5.0	1165252
путь_s для_pr	0.10278125490643486	7.0	1970426	5.0	1165252
образование_s по_pr	0.10278125490643486	7.0	1970426	5.0	1165252
распространение_s на_pr	0.10278125490643486	7.0	1970426	5.0	1165252
средство_s от_pr	0.10278125490643486	7.0	1970426	5.0	1165252
мир_s в_pr	0.10017879603121971	65.0	1970426	36.0	1165252
мероприятие_s с_pr	0.09556852356365009	10.0	1970426	5.0	1165252
толчок_s к_pr	0.09556852356365009	10.0	1970426	5.0	1165252
ошибка_s в_pr	0.09002076257123459	19.0	1970426	10.0	1165252
опыт_s в_pr	0.09002076257123459	19.0	1970426	10.0	1165252
школа_s в_pr	0.09002076257123459	19.0	1970426	10.0	1165252
оон_s по_pr	0.09002076257123459	19.0	1970426	10.0	1165252
речь_s о_pr	0.08544723817827582	15.0	1970426	10.0	1165252
признак_s в_pr	0.07645481885092009	8.0	1970426	4.0	1165252
изоляция_s от_pr	0.07645481885092009	8.0	1970426	4.0	1165252
мнение_s в_pr	0.07645481885092009	8.0	1970426	4.0	1165252
переселенец_s из_pr	0.07645481885092009	8.0	1970426	4.0	1165252
пострадавший_s от_pr	0.07645481885092009	8.0	1970426	4.0	1165252
получение_s в_pr	0.07645481885092009	8.0	1970426	4.0	1165252
услуга_s для_pr	0.07645481885092009	8.0	1970426	4.0	1165252
сша_s с_pr	0.07645481885092009	8.0	1970426	4.0	1165252
страна_s за_pr	0.07645481885092009	8.0	1970426	4.0	1165252
целое_s на_pr	0.07645481885092009	8.0	1970426	4.0	1165252
взнос_s в_pr	0.07645481885092009	8.0	1970426	4.0	1165252
специалист_s по_pr	0.07571129003250654	54.0	1970426	30.0	1165252
достижение_s в_pr	0.07287323194569484	17.0	1970426	9.0	1165252
отсылка_s к_pr	0.06991060022282847	20.0	1970426	13.0	1165252
месяц_s в_pr	0.0683577905426207	12.0	1970426	8.0	1165252
партнерство_s в_pr	0.0683577905426207	12.0	1970426	8.0	1165252
перемена_s в_pr	0.0683577905426207	12.0	1970426	8.0	1165252
народ_s в_pr	0.06554228081963909	24.0	1970426	13.0	1165252
случай_s с_pr	0.0633242855239824	38.0	1970426	24.0	1165252
лицензия_s на_pr	0.06056113839054644	25.0	1970426	16.0	1165252
гарантия_s для_pr	0.0573411141381901	6.0	1970426	3.0	1165252
структура_s с_pr	0.0573411141381901	6.0	1970426	3.0	1165252
объект_s на_pr	0.0573411141381901	6.0	1970426	3.0	1165252
положение_s с_pr	0.0573411141381901	6.0	1970426	3.0	1165252
процесс_s для_pr	0.0573411141381901	6.0	1970426	3.0	1165252
объект_s для_pr	0.0573411141381901	6.0	1970426	3.0	1165252
нация_s на_pr	0.0573411141381901	6.0	1970426	3.0	1165252
нахождение_s в_pr	0.0573411141381901	6.0	1970426	3.0	1165252
требование_s для_pr	0.0573411141381901	6.0	1970426	3.0	1165252
трудность_s с_pr	0.0573411141381901	6.0	1970426	3.0	1165252
предмет_s для_pr	0.0573411141381901	6.0	1970426	3.0	1165252
пространство_s с_pr	0.0573411141381901	6.0	1970426	3.0	1165252
руководитель_s в_pr	0.0573411141381901	6.0	1970426	3.0	1165252
россия_s о_pr	0.0573411141381901	6.0	1970426	3.0	1165252
друг_s у_pr	0.0573411141381901	6.0	1970426	3.0	1165252
время_s при_pr	0.0573411141381901	6.0	1970426	3.0	1165252
голосование_s по_pr	0.0573411141381901	6.0	1970426	3.0	1165252
доказательство_s в_pr	0.0573411141381901	6.0	1970426	3.0	1165252
претензия_s на_pr	0.05623517182065618	15.0	1970426	8.0	1165252
выступление_s на_pr	0.05623517182065618	15.0	1970426	8.0	1165252
материал_s по_pr	0.05623517182065618	15.0	1970426	8.0	1165252
мероприятие_s в_pr	0.053726432786787015	17.0	1970426	11.0	1165252
стабильность_s в_pr	0.053726432786787015	17.0	1970426	11.0	1165252
усилие_s в_pr	0.05126834290696791	9.0	1970426	6.0	1165252
рф_s при_pr	0.05126834290696791	9.0	1970426	6.0	1165252
условие_s на_pr	0.05126834290696791	9.0	1970426	6.0	1165252
обсуждение_s в_pr	0.05126834290696791	9.0	1970426	6.0	1165252
мера_s к_pr	0.05126834290696791	9.0	1970426	6.0	1165252
империя_s в_pr	0.05126834290696791	9.0	1970426	6.0	1165252
союзник_s в_pr	0.05126834290696791	9.0	1970426	6.0	1165252
что_s в_pr	0.05111382008823129	22.0	1970426	12.0	1165252
создание_s в_pr	0.04574374348575927	22.0	1970426	14.0	1165252
въезд_s в_pr	0.04033412875095688	13.0	1970426	7.0	1165252
появление_s на_pr	0.04033412875095688	13.0	1970426	7.0	1165252
инициатива_s по_pr	0.04033412875095688	13.0	1970426	7.0	1165252
ущерб_s в_pr	0.03417889527131035	6.0	1970426	4.0	1165252
указание_s о_pr	0.03417889527131035	6.0	1970426	4.0	1165252
статья_s с_pr	0.03417889527131035	6.0	1970426	4.0	1165252
спор_s с_pr	0.03417889527131035	6.0	1970426	4.0	1165252
система_s для_pr	0.03417889527131035	6.0	1970426	4.0	1165252
режим_s для_pr	0.03417889527131035	6.0	1970426	4.0	1165252
проявление_s в_pr	0.03417889527131035	6.0	1970426	4.0	1165252
правительство_s для_pr	0.03417889527131035	6.0	1970426	4.0	1165252
море_s в_pr	0.03417889527131035	6.0	1970426	4.0	1165252
информация_s от_pr	0.03417889527131035	6.0	1970426	4.0	1165252
депозит_s в_pr	0.03417889527131035	6.0	1970426	4.0	1165252
ударение_s в_pr	0.0316621427619912	19.0	1970426	12.0	1165252
политика_s на_pr	0.0316621427619912	19.0	1970426	12.0	1165252
человек_s в_pr	0.029532645265165858	195.0	1970426	113.0	1165252
большинство_s в_pr	0.025556910044115644	11.0	1970426	6.0	1165252
средство_s к_pr	0.025556910044115644	11.0	1970426	6.0	1165252
время_s по_pr	0.025556910044115644	11.0	1970426	6.0	1165252
конференция_s в_pr	0.025556910044115644	11.0	1970426	6.0	1165252
направление_s на_pr	0.025556910044115644	11.0	1970426	6.0	1165252
звено_s в_pr	0.025556910044115644	11.0	1970426	6.0	1165252
страна_s из_pr	0.025556910044115644	11.0	1970426	6.0	1165252
процент_s от_pr	0.025556910044115644	11.0	1970426	6.0	1165252
америка_s в_pr	0.025556910044115644	11.0	1970426	6.0	1165252
участник_s в_pr	0.025556910044115644	11.0	1970426	6.0	1165252
правительство_s на_pr	0.025556910044115644	11.0	1970426	6.0	1165252
прорыв_s в_pr	0.025556910044115644	11.0	1970426	6.0	1165252
погоня_s за_pr	0.022871871742879635	11.0	1970426	7.0	1165252
кампания_s в_pr	0.018742894312937963	16.0	1970426	10.0	1165252
демократия_s в_pr	0.018742894312937963	16.0	1970426	10.0	1165252
задолженность_s по_pr	0.018742894312937963	16.0	1970426	10.0	1165252
безопасность_s в_pr	0.018027125164767233	42.0	1970426	24.0	1165252
лидер_s в_pr	0.014496068179386978	16.0	1970426	9.0	1165252
сила_s с_pr	0.014496068179386978	16.0	1970426	9.0	1165252
результат_s на_pr	0.012618548338752256	9.0	1970426	5.0	1165252
фигура_s в_pr	0.012618548338752256	9.0	1970426	5.0	1165252
раскол_s в_pr	0.012618548338752256	9.0	1970426	5.0	1165252
движение_s по_pr	0.009371447156468982	8.0	1970426	5.0	1165252
проект_s на_pr	0.009371447156468982	8.0	1970426	5.0	1165252
способность_s в_pr	0.009371447156468982	8.0	1970426	5.0	1165252
создание_s на_pr	0.009371447156468982	8.0	1970426	5.0	1165252
предисловие_s к_pr	0.009371447156468982	8.0	1970426	5.0	1165252
рф_s в_pr	0.008269828522372347	48.0	1970426	29.0	1165252
мир_s на_pr	0.007821358641436293	13.0	1970426	8.0	1165252
шаг_s на_pr	0.007821358641436293	13.0	1970426	8.0	1165252
молодежь_s в_pr	0.007821358641436293	13.0	1970426	8.0	1165252
рф_s на_pr	0.007821358641436293	13.0	1970426	8.0	1165252
мнение_s о_pr	0.00731246717134415	28.0	1970426	17.0	1165252
бизнес_s в_pr	0.007239072863052698	23.0	1970426	14.0	1165252
время_s в_pr	0.006679712766138657	127.0	1970426	76.0	1165252
партнер_s по_pr	0.006009041721584785	14.0	1970426	8.0	1165252
безопасность_s на_pr	0.006009041721584785	14.0	1970426	8.0	1165252
документ_s о_pr	0.006009041721584785	14.0	1970426	8.0	1165252
присоединение_s к_pr	0.003821051993537272	31.0	1970426	18.0	1165252
регион_s на_pr	0.0030045208607923923	7.0	1970426	4.0	1165252
союз_s на_pr	0.0030045208607923923	7.0	1970426	4.0	1165252
документ_s с_pr	0.0030045208607923923	7.0	1970426	4.0	1165252
движение_s к_pr	0.0030045208607923923	7.0	1970426	4.0	1165252
учреждение_s на_pr	0.0030045208607923923	7.0	1970426	4.0	1165252
проживание_s в_pr	0.0030045208607923923	7.0	1970426	4.0	1165252
кандидат_s на_pr	0.0015720867284557127	20.0	1970426	12.0	1165252
упоминание_s о_pr	0.0011790650463417984	15.0	1970426	9.0	1165252
пост_s в_pr	0.0011790650463417984	15.0	1970426	9.0	1165252
конфликт_s в_pr	0.0009523044804218839	47.0	1970426	28.0	1165252
сравнение_s с_pr	0.0009523044804218839	47.0	1970426	28.0	1165252
безопасность_s при_pr	0.0008288522629185391	12.0	1970426	7.0	1165252
война_s на_pr	0.0008288522629185391	12.0	1970426	7.0	1165252
заказ_s на_pr	0.0008288522629185391	12.0	1970426	7.0	1165252
сеть_s в_pr	0.0007860433642278564	10.0	1970426	6.0	1165252
доклад_s о_pr	0.0007860433642278564	10.0	1970426	6.0	1165252
свет_s в_pr	0.0007860433642278564	10.0	1970426	6.0	1165252
борьба_s в_pr	0.0007860433642278564	10.0	1970426	6.0	1165252
многие_s из_pr	0.0004076425139992179	37.0	1970426	22.0	1165252
механизм_s для_pr	0.0003930216821139282	5.0	1970426	3.0	1165252
звено_s между_pr	0.0003930216821139282	5.0	1970426	3.0	1165252
оценка_s в_pr	0.0003930216821139282	5.0	1970426	3.0	1165252
предмет_s с_pr	0.0003930216821139282	5.0	1970426	3.0	1165252
степень_s в_pr	0.0003930216821139282	5.0	1970426	3.0	1165252
общение_s с_pr	0.00019215736657499094	32.0	1970426	19.0	1165252
отчет_s о_pr	0.00017800466957675065	17.0	1970426	10.0	1165252
