ngram	weird	freq_corp	size_corp	freq_ref	size_ref
править_partcp элита_s	33.116753433013976	56.0	1970426	1.0	1165252
получить_v развитие_s	26.611676865814804	45.0	1970426	1.0	1165252
добавить_partcp стоимость_s	25.133250373269536	85.0	1970426	2.0	1165252
быть_v язык_s	17.741117910543203	30.0	1970426	1.0	1165252
способствовать_v развитие_s	12.418782537380242	42.0	1970426	2.0	1165252
найти_v отражение_s	12.418782537380242	21.0	1970426	1.0	1165252
являться_v обеспечение_s	11.236041343344029	19.0	1970426	1.0	1165252
оказывать_partcp влияние_s	11.236041343344029	19.0	1970426	1.0	1165252
предоставить_partcp право_s	11.236041343344029	19.0	1970426	1.0	1165252
рассматривать_v дело_s	10.644670746325922	18.0	1970426	1.0	1165252
принимать_partcp решение_s	10.348985447816869	35.0	1970426	2.0	1165252
удовлетворять_v потребность_s	10.053300149307816	17.0	1970426	1.0	1165252
иметь_v ряд_s	10.053300149307816	17.0	1970426	1.0	1165252
показывать_v практика_s	10.053300149307816	17.0	1970426	1.0	1165252
получить_v распространение_s	9.461929552289709	16.0	1970426	1.0	1165252
послужить_v основа_s	9.461929552289709	16.0	1970426	1.0	1165252
являться_v средство_s	9.461929552289709	16.0	1970426	1.0	1165252
уступать_v место_s	9.461929552289709	16.0	1970426	1.0	1165252
принимать_v мера_s	9.166244253780656	31.0	1970426	2.0	1165252
являться_v основа_s	9.166244253780656	31.0	1970426	2.0	1165252
квалифицировать_partcp признак_s	8.870558955271601	15.0	1970426	1.0	1165252
заложить_partcp основа_s	8.870558955271601	15.0	1970426	1.0	1165252
получать_v возможность_s	8.870558955271601	15.0	1970426	1.0	1165252
поставить_partcp цель_s	8.279188358253496	42.0	1970426	3.0	1165252
уступить_v место_s	8.279188358253494	14.0	1970426	1.0	1165252
сложиться_partcp система_s	8.279188358253494	14.0	1970426	1.0	1165252
появляться_v возможность_s	8.279188358253494	14.0	1970426	1.0	1165252
использовать_v термин_s	8.279188358253494	14.0	1970426	1.0	1165252
осуществлять_v мера_s	8.279188358253494	14.0	1970426	1.0	1165252
способствовать_v повышение_s	8.279188358253494	14.0	1970426	1.0	1165252
регулировать_partcp отношение_s	8.279188358253494	14.0	1970426	1.0	1165252
осуществлять_v контроль_s	8.082064825914125	41.0	1970426	3.0	1165252
накопить_partcp опыт_s	7.6878177612353875	13.0	1970426	1.0	1165252
оказать_v влияние_s	7.6878177612353875	26.0	1970426	2.0	1165252
делаться_v вывод_s	7.6878177612353875	13.0	1970426	1.0	1165252
понимать_v язык_s	7.6878177612353875	13.0	1970426	1.0	1165252
рассматривать_partcp период_s	7.6878177612353875	13.0	1970426	1.0	1165252
иметься_partcp ресурс_s	7.6878177612353875	13.0	1970426	1.0	1165252
делать_v упор_s	7.6878177612353875	13.0	1970426	1.0	1165252
содержаться_v сведение_s	7.096447164217281	12.0	1970426	1.0	1165252
составлять_v основа_s	7.096447164217281	12.0	1970426	1.0	1165252
быть_v период_s	7.096447164217281	12.0	1970426	1.0	1165252
дать_v определение_s	7.096447164217281	12.0	1970426	1.0	1165252
оказывать_v влияние_s	6.758521108778362	80.0	1970426	7.0	1165252
определять_v содержание_s	6.505076567199175	11.0	1970426	1.0	1165252
являться_v слово_s	6.505076567199175	11.0	1970426	1.0	1165252
дать_v мир_s	6.505076567199175	11.0	1970426	1.0	1165252
идти_v процесс_s	6.505076567199175	22.0	1970426	2.0	1165252
давать_v право_s	6.505076567199175	11.0	1970426	1.0	1165252
обладать_v свойство_s	6.505076567199175	11.0	1970426	1.0	1165252
способствовать_v увеличение_s	6.505076567199175	11.0	1970426	1.0	1165252
быть_v стать_s	6.505076567199175	22.0	1970426	2.0	1165252
способствовать_v расширение_s	6.505076567199175	11.0	1970426	1.0	1165252
платить_v налог_s	6.505076567199175	11.0	1970426	1.0	1165252
указать_partcp лицо_s	5.913705970181067	10.0	1970426	1.0	1165252
являться_v собственность_s	5.913705970181067	10.0	1970426	1.0	1165252
изучать_v история_s	5.913705970181067	10.0	1970426	1.0	1165252
являться_v система_s	5.913705970181067	10.0	1970426	1.0	1165252
оказывать_v содействие_s	5.913705970181067	20.0	1970426	2.0	1165252
давать_v возможность_s	5.913705970181067	130.0	1970426	13.0	1165252
являться_v знак_s	5.913705970181067	10.0	1970426	1.0	1165252
достигнуть_partcp уровень_s	5.913705970181067	10.0	1970426	1.0	1165252
обеспечивать_v возможность_s	5.913705970181067	10.0	1970426	1.0	1165252
совершить_partcp преступление_s	5.913705970181067	10.0	1970426	1.0	1165252
приобретать_v форма_s	5.913705970181067	10.0	1970426	1.0	1165252
становиться_v часть_s	5.913705970181067	10.0	1970426	1.0	1165252
выполнять_v функция_s	5.765863320926542	39.0	1970426	4.0	1165252
заложить_v основа_s	5.6180206716720145	19.0	1970426	2.0	1165252
быть_v средство_s	5.6180206716720145	19.0	1970426	2.0	1165252
предпринять_partcp попытка_s	5.6180206716720145	19.0	1970426	2.0	1165252
править_partcp режим_s	5.558883611970203	47.0	1970426	5.0	1165252
показать_v практика_s	5.322335373162961	9.0	1970426	1.0	1165252
характеризоваться_v наличие_s	5.322335373162961	9.0	1970426	1.0	1165252
ставить_v задача_s	5.322335373162961	9.0	1970426	1.0	1165252
обеспечивать_v единство_s	5.322335373162961	9.0	1970426	1.0	1165252
иметь_v форма_s	5.322335373162961	18.0	1970426	2.0	1165252
иметься_v возможность_s	5.322335373162961	9.0	1970426	1.0	1165252
главенствовать_partcp роль_s	5.322335373162961	9.0	1970426	1.0	1165252
иметь_partcp значение_s	5.125211840823592	26.0	1970426	3.0	1165252
являться_v язык_s	5.026650074653908	17.0	1970426	2.0	1165252
хозяйствовать_partcp субъект_s	4.878807425399381	66.0	1970426	8.0	1165252
предполагать_v наличие_s	4.878807425399381	33.0	1970426	4.0	1165252
иметь_v значение_s	4.8048861007721175	65.0	1970426	8.0	1165252
становиться_v объект_s	4.730964776144854	16.0	1970426	2.0	1165252
являться_v развитие_s	4.730964776144854	8.0	1970426	1.0	1165252
получать_v прибыль_s	4.730964776144854	8.0	1970426	1.0	1165252
использовать_partcp ресурс_s	4.730964776144854	8.0	1970426	1.0	1165252
быть_v способ_s	4.730964776144854	8.0	1970426	1.0	1165252
принимать_v форма_s	4.730964776144854	8.0	1970426	1.0	1165252
использовать_v достижение_s	4.730964776144854	8.0	1970426	1.0	1165252
обеспечить_v реализация_s	4.730964776144854	8.0	1970426	1.0	1165252
затрагивать_v вопрос_s	4.730964776144854	8.0	1970426	1.0	1165252
ограничивать_v возможность_s	4.730964776144854	8.0	1970426	1.0	1165252
становиться_v предмет_s	4.730964776144854	8.0	1970426	1.0	1165252
являться_v достижение_s	4.730964776144854	8.0	1970426	1.0	1165252
являться_v результат_s	4.612690656741233	39.0	1970426	5.0	1165252
получить_v название_s	4.583122126890328	62.0	1970426	8.0	1165252
выпускать_partcp продукция_s	4.435279477635801	15.0	1970426	2.0	1165252
использовать_v метод_s	4.435279477635801	15.0	1970426	2.0	1165252
принять_partcp решение_s	4.435279477635801	15.0	1970426	2.0	1165252
посвятить_partcp анализ_s	4.435279477635801	15.0	1970426	2.0	1165252
исключать_v возможность_s	4.139594179126748	21.0	1970426	3.0	1165252
развивать_v идея_s	4.139594179126747	7.0	1970426	1.0	1165252
отвечать_partcp требование_s	4.139594179126747	7.0	1970426	1.0	1165252
проводиться_v анализ_s	4.139594179126747	7.0	1970426	1.0	1165252
обращаться_v внимание_s	4.139594179126747	14.0	1970426	2.0	1165252
являться_v причина_s	4.139594179126747	7.0	1970426	1.0	1165252
получать_v развитие_s	4.139594179126747	7.0	1970426	1.0	1165252
являться_v определение_s	4.139594179126747	7.0	1970426	1.0	1165252
уделять_v внимание_s	4.139594179126747	7.0	1970426	1.0	1165252
определять_v порядок_s	4.139594179126747	7.0	1970426	1.0	1165252
способствовать_v возникновение_s	4.139594179126747	7.0	1970426	1.0	1165252
запретить_partcp закон_s	4.139594179126747	14.0	1970426	2.0	1165252
предусмотреть_partcp закон_s	4.139594179126747	7.0	1970426	1.0	1165252
подвергнуть_partcp критика_s	4.139594179126747	7.0	1970426	1.0	1165252
характеризовать_v степень_s	4.139594179126747	7.0	1970426	1.0	1165252
являться_v собственник_s	4.139594179126747	7.0	1970426	1.0	1165252
являться_v фактор_s	4.139594179126747	7.0	1970426	1.0	1165252
иметь_v преимущество_s	4.139594179126747	7.0	1970426	1.0	1165252
найти_v компромисс_s	4.139594179126747	7.0	1970426	1.0	1165252
представлять_v себя_spro	4.083716642400627	877.0	1970426	127.0	1165252
допустить_partcp нарушение_s	3.8439088806176938	13.0	1970426	2.0	1165252
служить_v основание_s	3.8439088806176938	13.0	1970426	2.0	1165252
представлять_partcp себя_spro	3.7301837658065193	82.0	1970426	13.0	1165252
акцентировать_v внимание_s	3.6664977015122617	31.0	1970426	5.0	1165252
давать_v представление_s	3.5482235821086405	12.0	1970426	2.0	1165252
давать_v человек_s	3.5482235821086405	6.0	1970426	1.0	1165252
дать_v толчок_s	3.5482235821086405	12.0	1970426	2.0	1165252
выполнять_v обязательство_s	3.5482235821086405	6.0	1970426	1.0	1165252
заниматься_v вопрос_s	3.5482235821086405	6.0	1970426	1.0	1165252
быть_v объект_s	3.5482235821086405	6.0	1970426	1.0	1165252
иметь_v работа_s	3.5482235821086405	6.0	1970426	1.0	1165252
наделить_partcp право_s	3.5482235821086405	6.0	1970426	1.0	1165252
оценить_v степень_s	3.5482235821086405	6.0	1970426	1.0	1165252
побуждать_v человек_s	3.5482235821086405	6.0	1970426	1.0	1165252
повышать_v качество_s	3.5482235821086405	6.0	1970426	1.0	1165252
иметь_v характер_s	3.5482235821086405	12.0	1970426	2.0	1165252
нарушить_partcp право_s	3.5482235821086405	18.0	1970426	3.0	1165252
проводить_v политика_s	3.5482235821086405	12.0	1970426	2.0	1165252
являться_v следствие_s	3.5482235821086405	18.0	1970426	3.0	1165252
высказываться_v мнение_s	3.5482235821086405	6.0	1970426	1.0	1165252
предполагать_v возможность_s	3.5482235821086405	6.0	1970426	1.0	1165252
решить_v задача_s	3.5482235821086405	6.0	1970426	1.0	1165252
происходить_v изменение_s	3.5482235821086405	12.0	1970426	2.0	1165252
принадлежать_v государство_s	3.5482235821086405	6.0	1970426	1.0	1165252
расширять_v возможность_s	3.5482235821086405	6.0	1970426	1.0	1165252
посвятить_partcp изучение_s	3.5482235821086405	6.0	1970426	1.0	1165252
стать_v основа_s	3.5482235821086405	18.0	1970426	3.0	1165252
предусмотреть_partcp возможность_s	3.5482235821086405	6.0	1970426	1.0	1165252
противопоставлять_v себя_spro	3.5482235821086405	6.0	1970426	1.0	1165252
сделать_partcp попытка_s	3.5482235821086405	6.0	1970426	1.0	1165252
быть_v борьба_s	3.5482235821086405	6.0	1970426	1.0	1165252
делать_v акцент_s	3.3511000497692716	17.0	1970426	3.0	1165252
иметь_partcp право_s	3.3511000497692716	17.0	1970426	3.0	1165252
выполнять_v роль_s	3.3511000497692716	17.0	1970426	3.0	1165252
обладать_v способность_s	3.3511000497692716	17.0	1970426	3.0	1165252
получать_v информация_s	3.2525382835995873	11.0	1970426	2.0	1165252
давать_partcp возможность_s	3.2525382835995873	11.0	1970426	2.0	1165252
являться_v вопрос_s	3.2525382835995873	11.0	1970426	2.0	1165252
вызывать_v сомнение_s	3.1046956343450605	21.0	1970426	4.0	1165252
являться_v часть_s	3.075127104494155	26.0	1970426	5.0	1165252
видеть_v причина_s	2.9568529850905336	5.0	1970426	1.0	1165252
быть_v признание_s	2.9568529850905336	5.0	1970426	1.0	1165252
осуществлять_v надзор_s	2.9568529850905336	10.0	1970426	2.0	1165252
являться_v источник_s	2.9568529850905336	10.0	1970426	2.0	1165252
возникать_v ряд_s	2.9568529850905336	5.0	1970426	1.0	1165252
являться_v отсутствие_s	2.9568529850905336	5.0	1970426	1.0	1165252
способствовать_v сохранение_s	2.9568529850905336	5.0	1970426	1.0	1165252
выполнять_partcp функция_s	2.9568529850905336	5.0	1970426	1.0	1165252
создать_partcp условие_s	2.9568529850905336	5.0	1970426	1.0	1165252
связать_partcp друг_s	2.9568529850905336	5.0	1970426	1.0	1165252
противоречить_v друг_s	2.9568529850905336	5.0	1970426	1.0	1165252
являться_v создание_s	2.9568529850905336	10.0	1970426	2.0	1165252
звучать_partcp речь_s	2.9568529850905336	10.0	1970426	2.0	1165252
ожидать_partcp результат_s	2.9568529850905336	5.0	1970426	1.0	1165252
признавать_v необходимость_s	2.9568529850905336	5.0	1970426	1.0	1165252
определяться_v уровень_s	2.9568529850905336	5.0	1970426	1.0	1165252
предполагать_v создание_s	2.9568529850905336	5.0	1970426	1.0	1165252
дать_partcp вывод_s	2.9568529850905336	5.0	1970426	1.0	1165252
лишаться_v возможность_s	2.9568529850905336	5.0	1970426	1.0	1165252
позволять_v человек_s	2.9568529850905336	5.0	1970426	1.0	1165252
отводиться_v роль_s	2.9568529850905336	5.0	1970426	1.0	1165252
изучать_v язык_s	2.9568529850905336	10.0	1970426	2.0	1165252
стать_v создание_s	2.9568529850905336	10.0	1970426	2.0	1165252
являться_v предпосылка_s	2.9568529850905336	5.0	1970426	1.0	1165252
привести_v пример_s	2.9568529850905336	30.0	1970426	6.0	1165252
ставить_v вопрос_s	2.9568529850905336	25.0	1970426	5.0	1165252
отличаться_v друг_s	2.9568529850905336	25.0	1970426	5.0	1165252
иметь_v тенденция_s	2.9568529850905336	15.0	1970426	3.0	1165252
иметь_v место_s	2.897715925388723	196.0	1970426	40.0	1165252
создавать_v условие_s	2.838578865686912	24.0	1970426	5.0	1165252
находить_v отражение_s	2.8090103358360072	19.0	1970426	4.0	1165252
давать_v основание_s	2.759729452751165	28.0	1970426	6.0	1165252
способствовать_v создание_s	2.759729452751165	14.0	1970426	3.0	1165252
рассматриваться_v вопрос_s	2.6611676865814804	9.0	1970426	2.0	1165252
давать_v оценка_s	2.6611676865814804	9.0	1970426	2.0	1165252
получать_v доход_s	2.6611676865814804	9.0	1970426	2.0	1165252
являться_v проблема_s	2.6611676865814804	9.0	1970426	2.0	1165252
встать_v вопрос_s	2.6611676865814804	9.0	1970426	2.0	1165252
получить_partcp результат_s	2.562605920411796	13.0	1970426	3.0	1165252
иметь_v смысл_s	2.534445415791886	30.0	1970426	7.0	1165252
иметь_partcp отношение_s	2.513325037326954	17.0	1970426	4.0	1165252
выполнять_partcp работа_s	2.365482388072427	8.0	1970426	2.0	1165252
вести_v борьба_s	2.365482388072427	12.0	1970426	3.0	1165252
являться_v наличие_s	2.365482388072427	16.0	1970426	4.0	1165252
решать_v задача_s	2.365482388072427	8.0	1970426	2.0	1165252
являться_v исключение_s	2.365482388072427	8.0	1970426	2.0	1165252
стимулировать_v рост_s	2.365482388072427	8.0	1970426	2.0	1165252
определить_v место_s	2.365482388072427	8.0	1970426	2.0	1165252
делаться_v попытка_s	2.365482388072427	8.0	1970426	2.0	1165252
быть_v продукт_s	2.365482388072427	8.0	1970426	2.0	1165252
иметь_v вид_s	2.365482388072427	12.0	1970426	3.0	1165252
являться_v признак_s	2.365482388072427	8.0	1970426	2.0	1165252
сделать_v вывод_s	2.2611228709515845	65.0	1970426	17.0	1165252
предприниматься_v попытка_s	2.2472082686688055	19.0	1970426	5.0	1165252
существовать_v множество_s	2.2176397388179003	15.0	1970426	4.0	1165252
быть_v система_s	2.2176397388179003	15.0	1970426	4.0	1165252
начаться_v процесс_s	2.168358855733058	11.0	1970426	3.0	1165252
наделить_partcp полномочие_s	2.168358855733058	11.0	1970426	3.0	1165252
провести_partcp исследование_s	2.168358855733058	11.0	1970426	3.0	1165252
принимать_v решение_s	2.168358855733058	66.0	1970426	18.0	1165252
иметь_v дело_s	2.0871903424168474	60.0	1970426	17.0	1165252
выйти_v книга_s	2.0697970895633735	7.0	1970426	2.0	1165252
быть_v создание_s	2.0697970895633735	7.0	1970426	2.0	1165252
поставить_partcp вопрос_s	2.0697970895633735	14.0	1970426	4.0	1165252
контролировать_v деятельность_s	2.0697970895633735	7.0	1970426	2.0	1165252
противоречить_partcp друг_s	2.0697970895633735	7.0	1970426	2.0	1165252
касаться_v вопрос_s	2.0697970895633735	7.0	1970426	2.0	1165252
преследовать_v цель_s	2.0697970895633735	14.0	1970426	4.0	1165252
происходить_v смена_s	2.0697970895633735	7.0	1970426	2.0	1165252
способствовать_v формирование_s	2.0106600298615627	17.0	1970426	5.0	1165252
подавлять_partcp большинство_s	1.9810915000106577	67.0	1970426	20.0	1165252
создать_partcp человек_s	1.971235323393689	10.0	1970426	3.0	1165252
иметь_v статус_s	1.971235323393689	10.0	1970426	3.0	1165252
возникать_v проблема_s	1.971235323393689	10.0	1970426	3.0	1165252
стать_v предмет_s	1.971235323393689	10.0	1970426	3.0	1165252
выполнить_partcp работа_s	1.971235323393689	10.0	1970426	3.0	1165252
иметь_partcp цель_s	1.9219544403088469	13.0	1970426	4.0	1165252
проявлять_v себя_spro	1.9219544403088469	13.0	1970426	4.0	1165252
положить_v начало_s	1.8923859104579417	16.0	1970426	5.0	1165252
являться_v предмет_s	1.8726735572240047	19.0	1970426	6.0	1165252
получить_partcp название_s	1.8398196351674434	28.0	1970426	9.0	1165252
являться_v ответ_s	1.7741117910543203	6.0	1970426	2.0	1165252
нанести_v ущерб_s	1.7741117910543203	6.0	1970426	2.0	1165252
быть_v результат_s	1.7741117910543203	24.0	1970426	8.0	1165252
объединить_partcp европа_s	1.7741117910543203	9.0	1970426	3.0	1165252
существовать_v возможность_s	1.7741117910543203	6.0	1970426	2.0	1165252
заслуживать_v внимание_s	1.7741117910543203	6.0	1970426	2.0	1165252
набирать_v сила_s	1.7741117910543203	6.0	1970426	2.0	1165252
быть_v элемент_s	1.7741117910543203	6.0	1970426	2.0	1165252
быть_v предмет_s	1.7741117910543203	18.0	1970426	6.0	1165252
иметься_v множество_s	1.7741117910543203	6.0	1970426	2.0	1165252
служить_v основа_s	1.7741117910543203	12.0	1970426	4.0	1165252
соответствовать_v требование_s	1.7741117910543203	9.0	1970426	3.0	1165252
наслать_v отражение_s	1.7741117910543203	9.0	1970426	3.0	1165252
служить_v средство_s	1.77411179105432	15.0	1970426	5.0	1165252
иметь_v право_s	1.696976495791089	132.0	1970426	46.0	1165252
изучать_partcp язык_s	1.6755500248846358	17.0	1970426	6.0	1165252
поставить_v вопрос_s	1.6262691417997936	22.0	1970426	8.0	1165252
быть_v основание_s	1.6262691417997936	11.0	1970426	4.0	1165252
определять_partcp роль_s	1.6262691417997936	11.0	1970426	4.0	1165252
рассматривать_v язык_s	1.6262691417997936	11.0	1970426	4.0	1165252
обстоять_v дело_s	1.6128289009584729	30.0	1970426	11.0	1165252
лидировать_partcp позиция_s	1.5769882587149515	8.0	1970426	3.0	1165252
заниматься_v изучение_s	1.5769882587149515	8.0	1970426	3.0	1165252
стимулировать_v развитие_s	1.5769882587149515	8.0	1970426	3.0	1165252
образовывать_v система_s	1.5769882587149515	8.0	1970426	3.0	1165252
одержать_v победа_s	1.5375635522470774	13.0	1970426	5.0	1165252
подвести_v итог_s	1.5375635522470774	13.0	1970426	5.0	1165252
играть_v роль_s	1.5206672494751314	18.0	1970426	7.0	1165252
получить_v право_s	1.5206672494751314	18.0	1970426	7.0	1165252
создавать_v трудность_s	1.4784264925452668	5.0	1970426	2.0	1165252
являться_v носитель_s	1.4784264925452668	5.0	1970426	2.0	1165252
означать_v наличие_s	1.4784264925452668	5.0	1970426	2.0	1165252
получать_v право_s	1.4784264925452668	10.0	1970426	4.0	1165252
иметь_partcp место_s	1.4515460108626257	27.0	1970426	11.0	1165252
посвятить_partcp проблема_s	1.419289432843456	12.0	1970426	5.0	1165252
предоставлять_partcp услуга_s	1.3798647263755826	7.0	1970426	3.0	1165252
иметь_v доступ_s	1.3798647263755826	7.0	1970426	3.0	1165252
обсуждать_v вопрос_s	1.3798647263755826	7.0	1970426	3.0	1165252
появиться_v возможность_s	1.3798647263755826	7.0	1970426	3.0	1165252
знаменовать_v себя_spro	1.3798647263755826	7.0	1970426	3.0	1165252
быть_v часть_s	1.3517042217556727	16.0	1970426	7.0	1165252
наносить_v ущерб_s	1.3305838432907402	9.0	1970426	4.0	1165252
представлять_partcp интерес_s	1.3305838432907402	9.0	1970426	4.0	1165252
являться_v нарушение_s	1.3305838432907402	9.0	1970426	4.0	1165252
повысить_v уровень_s	1.3305838432907402	9.0	1970426	4.0	1165252
отдавать_v предпочтение_s	1.3010153134398348	11.0	1970426	5.0	1165252
являться_v продукт_s	1.3010153134398348	11.0	1970426	5.0	1165252
привлекать_v внимание_s	1.281302960205898	13.0	1970426	6.0	1165252
иметь_v цель_s	1.281302960205898	13.0	1970426	6.0	1165252
решать_v проблема_s	1.267222707895943	15.0	1970426	7.0	1165252
поставить_partcp задача_s	1.2320220771210557	25.0	1970426	12.0	1165252
нести_v ответственность_s	1.2249819509660782	29.0	1970426	14.0	1165252
обращать_v внимание_s	1.2197018563498452	66.0	1970426	32.0	1165252
быть_v вопрос_s	1.1827411940362136	12.0	1970426	6.0	1165252
делать_v ставка_s	1.1827411940362136	6.0	1970426	3.0	1165252
достигнуть_v уровень_s	1.1827411940362136	8.0	1970426	4.0	1165252
ставить_v цель_s	1.1827411940362136	6.0	1970426	3.0	1165252
быть_v дан_s	1.1827411940362134	22.0	1970426	11.0	1165252
увидеть_v свет_s	1.1827411940362134	10.0	1970426	5.0	1165252
представлять_v интерес_s	1.1334603109513715	23.0	1970426	12.0	1165252
иметь_v возможность_s	1.1011728358268196	54.0	1970426	29.0	1165252
быть_v член_s	1.084179427866529	11.0	1970426	6.0	1165252
быть_v форма_s	1.084179427866529	11.0	1970426	6.0	1165252
увенчаться_v успех_s	1.064467074632592	9.0	1970426	5.0	1165252
отвечать_v требование_s	1.064467074632592	9.0	1970426	5.0	1165252
иметь_v отношение_s	1.064467074632592	18.0	1970426	10.0	1165252
возникать_v вопрос_s	1.0560189232466193	25.0	1970426	14.0	1165252
нарушать_v право_s	1.0348985447816867	7.0	1970426	4.0	1165252
задаться_v вопрос_s	1.0348985447816867	7.0	1970426	4.0	1165252
получить_partcp данные_s	1.0348985447816867	7.0	1970426	4.0	1165252
обратить_v внимание_s	1.0204041674037918	88.0	1970426	51.0	1165252
мочь_v помочь_s	1.0137781663167544	12.0	1970426	7.0	1165252
делать_v вывод_s	1.0137781663167544	24.0	1970426	14.0	1165252
увеличивать_v объем_s	0.9856176616968445	5.0	1970426	3.0	1165252
оставаться_v вопрос_s	0.9856176616968445	10.0	1970426	6.0	1165252
подвергать_v сомнение_s	0.9856176616968445	5.0	1970426	3.0	1165252
учитывать_v специфика_s	0.9856176616968445	5.0	1970426	3.0	1165252
заниматься_v проблема_s	0.9856176616968445	5.0	1970426	3.0	1165252
решить_v проблема_s	0.9363367786120024	19.0	1970426	12.0	1165252
дать_v ответ_s	0.9292966524570249	11.0	1970426	7.0	1165252
дать_v возможность_s	0.9139363772098014	17.0	1970426	11.0	1165252
наметиться_v тенденция_s	0.8870558955271601	6.0	1970426	4.0	1165252
отрицать_v существование_s	0.8870558955271601	6.0	1970426	4.0	1165252
увеличить_v количество_s	0.8870558955271601	6.0	1970426	4.0	1165252
сделать_v выбор_s	0.8870558955271601	6.0	1970426	4.0	1165252
позиционировать_v себя_spro	0.8448151385972953	10.0	1970426	7.0	1165252
создать_v система_s	0.8279188358253494	7.0	1970426	5.0	1165252
возникнуть_v необходимость_s	0.8279188358253494	7.0	1970426	5.0	1165252
внести_v изменение_s	0.8279188358253494	7.0	1970426	5.0	1165252
носить_v название_s	0.7884941293574758	8.0	1970426	6.0	1165252
являться_v член_s	0.7884941293574758	12.0	1970426	9.0	1165252
дать_v оценка_s	0.7884941293574758	8.0	1970426	6.0	1165252
решать_v вопрос_s	0.7687817761235387	13.0	1970426	10.0	1165252
оказывать_v помощь_s	0.7603336247375657	9.0	1970426	7.0	1165252
создать_v условие_s	0.7603336247375657	9.0	1970426	7.0	1165252
быть_v возможность_s	0.7392132462726334	15.0	1970426	12.0	1165252
сделать_v попытка_s	0.7392132462726334	5.0	1970426	4.0	1165252
являться_v объект_s	0.7392132462726334	10.0	1970426	8.0	1165252
мочь_v стать_s	0.7366195155839576	71.0	1970426	57.0	1165252
рассмотреть_v вопрос_s	0.709644716421728	6.0	1970426	5.0	1165252
рассматривать_v вопрос_s	0.709644716421728	6.0	1970426	5.0	1165252
быть_v сторонник_s	0.709644716421728	6.0	1970426	5.0	1165252
идти_v речь_s	0.7040126154977462	25.0	1970426	21.0	1165252
объединить_partcp нация_s	0.6988925237486716	13.0	1970426	11.0	1165252
быть_v необходимость_s	0.6899323631877913	7.0	1970426	6.0	1165252
сложиться_partcp ситуация_s	0.6800761865708227	23.0	1970426	20.0	1165252
представить_v себя_spro	0.6758521108778363	24.0	1970426	21.0	1165252
принять_v закон_s	0.640651480102949	13.0	1970426	12.0	1165252
принимать_partcp участие_s	0.6368606429425765	14.0	1970426	13.0	1165252
подводить_v итог_s	0.6224953652822175	20.0	1970426	19.0	1165252
решаться_v вопрос_s	0.5913705970181068	9.0	1970426	9.0	1165252
предпринять_v попытка_s	0.5913705970181067	7.0	1970426	7.0	1165252
получить_v возможность_s	0.5376096336528243	10.0	1970426	11.0	1165252
получить_v статус_s	0.5256627529049839	8.0	1970426	9.0	1165252
стоять_v вопрос_s	0.5174492723908434	7.0	1970426	8.0	1165252
быть_v представитель_s	0.5068890831583772	6.0	1970426	7.0	1165252
являть_v себя_spro	0.5068890831583772	6.0	1970426	7.0	1165252
быть_v место_s	0.49280883084842225	5.0	1970426	6.0	1165252
стать_v причина_s	0.49280883084842225	10.0	1970426	12.0	1165252
править_partcp партия_s	0.4730964776144854	20.0	1970426	25.0	1165252
принимать_v участие_s	0.4584783280252737	69.0	1970426	89.0	1165252
считать_v себя_spro	0.4569681886049007	17.0	1970426	22.0	1165252
задавать_v вопрос_s	0.45490045924469746	10.0	1970426	13.0	1165252
решить_v вопрос_s	0.44352794776358007	6.0	1970426	8.0	1165252
быть_v попытка_s	0.44352794776358007	6.0	1970426	8.0	1165252
быть_v проблема_s	0.4139594179126747	7.0	1970426	10.0	1165252
потерпеть_v поражение_s	0.3942470646787379	8.0	1970426	12.0	1165252
вести_v себя_spro	0.382651562776422	22.0	1970426	34.0	1165252
принять_v решение_s	0.382651562776422	33.0	1970426	51.0	1165252
быть_v время_s	0.37632674355697704	7.0	1970426	11.0	1165252
принять_v мера_s	0.363920367395758	8.0	1970426	13.0	1165252
позволить_v себя_spro	0.30976555081900825	11.0	1970426	21.0	1165252
привлечь_v внимание_s	0.2801229143769979	9.0	1970426	19.0	1165252
быть_v человек_s	0.18816337177848852	7.0	1970426	22.0	1165252
чувствовать_v себя_spro	0.1250976262922918	11.0	1970426	52.0	1165252
принять_v участие_s	0.09578537839025673	23.0	1970426	142.0	1165252
