ngram	weird	freq_corp	size_corp	freq_ref	size_ref
федерация_s являться_v	26.0203062687967	44.0	1970426	1.0	1165252
слово_s являться_v	22.472082686688058	38.0	1970426	1.0	1165252
федерация_s мочь_v	21.289341492651843	36.0	1970426	1.0	1165252
организация_s мочь_v	20.106600298615632	34.0	1970426	1.0	1165252
информация_s мочь_v	17.741117910543203	30.0	1970426	1.0	1165252
государство_s являться_v	14.192894328434562	24.0	1970426	1.0	1165252
автор_s приходить_v	14.192894328434562	24.0	1970426	1.0	1165252
распространение_s получить_v	13.601523731416457	23.0	1970426	1.0	1165252
место_s занимать_v	13.01015313439835	44.0	1970426	2.0	1165252
предприятие_s быть_v	13.01015313439835	22.0	1970426	1.0	1165252
случай_s мочь_v	12.418782537380242	21.0	1970426	1.0	1165252
государство_s мочь_v	12.123097238871189	41.0	1970426	2.0	1165252
язык_s выступать_v	11.236041343344029	19.0	1970426	1.0	1165252
власть_s мочь_v	10.053300149307816	34.0	1970426	2.0	1165252
значение_s приобретать_v	10.053300149307816	17.0	1970426	1.0	1165252
язык_s обладать_v	10.053300149307816	17.0	1970426	1.0	1165252
язык_s различаться_v	9.461929552289709	16.0	1970426	1.0	1165252
банк_s быть_v	9.461929552289709	16.0	1970426	1.0	1165252
что_s свидетельствовать_v	9.461929552289709	16.0	1970426	1.0	1165252
развитие_s являться_v	8.870558955271601	15.0	1970426	1.0	1165252
подход_s быть_v	8.870558955271601	15.0	1970426	1.0	1165252
степень_s зависеть_v	8.870558955271601	15.0	1970426	1.0	1165252
анализ_s показывать_v	8.870558955271601	15.0	1970426	1.0	1165252
суд_s мочь_v	8.870558955271601	15.0	1970426	1.0	1165252
внимание_s уделяться_v	8.427031007508022	57.0	1970426	4.0	1165252
слово_s относиться_v	8.279188358253494	14.0	1970426	1.0	1165252
отношение_s мочь_v	8.279188358253494	14.0	1970426	1.0	1165252
собственность_s быть_v	7.6878177612353875	13.0	1970426	1.0	1165252
государство_s стать_v	7.6878177612353875	13.0	1970426	1.0	1165252
автор_s предлагать_v	7.6878177612353875	13.0	1970426	1.0	1165252
исследование_s мочь_v	7.6878177612353875	13.0	1970426	1.0	1165252
политика_s являться_v	7.6878177612353875	26.0	1970426	2.0	1165252
экономика_s мочь_v	7.6878177612353875	13.0	1970426	1.0	1165252
язык_s являться_v	7.6878177612353875	104.0	1970426	8.0	1165252
система_s мочь_v	7.392132462726335	25.0	1970426	2.0	1165252
опыт_s показать_v	7.096447164217281	12.0	1970426	1.0	1165252
орган_s мочь_v	7.096447164217281	12.0	1970426	1.0	1165252
язык_s находиться_v	7.096447164217281	12.0	1970426	1.0	1165252
процесс_s мочь_v	7.096447164217281	12.0	1970426	1.0	1165252
язык_s принадлежать_v	7.096447164217281	12.0	1970426	1.0	1165252
производство_s быть_v	7.096447164217281	24.0	1970426	2.0	1165252
идея_s быть_v	7.096447164217281	12.0	1970426	1.0	1165252
страна_s иметь_v	7.096447164217281	12.0	1970426	1.0	1165252
информация_s являться_v	7.096447164217281	12.0	1970426	1.0	1165252
тип_s являться_v	6.505076567199175	11.0	1970426	1.0	1165252
закон_s мочь_v	6.505076567199175	11.0	1970426	1.0	1165252
право_s мочь_v	6.505076567199175	11.0	1970426	1.0	1165252
лицо_s мочь_v	6.505076567199175	22.0	1970426	2.0	1165252
положение_s мочь_v	6.505076567199175	11.0	1970426	1.0	1165252
система_s оказаться_v	6.505076567199175	11.0	1970426	1.0	1165252
роль_s отводиться_v	6.505076567199175	11.0	1970426	1.0	1165252
процесс_s являться_v	6.505076567199175	11.0	1970426	1.0	1165252
отношение_s являться_v	6.209391268690121	21.0	1970426	2.0	1165252
значение_s мочь_v	6.110829502520437	31.0	1970426	3.0	1165252
слово_s мочь_v	6.0122677363507515	61.0	1970426	6.0	1165252
язык_s мочь_v	5.913705970181068	90.0	1970426	9.0	1165252
народ_s быть_v	5.913705970181067	20.0	1970426	2.0	1165252
человек_s являться_v	5.913705970181067	10.0	1970426	1.0	1165252
земля_s мочь_v	5.913705970181067	10.0	1970426	1.0	1165252
литература_s существовать_v	5.913705970181067	10.0	1970426	1.0	1165252
влияние_s оказывать_v	5.913705970181067	20.0	1970426	2.0	1165252
язык_s возникать_v	5.913705970181067	10.0	1970426	1.0	1165252
язык_s давать_v	5.913705970181067	10.0	1970426	1.0	1165252
внимание_s заслуживать_v	5.913705970181067	10.0	1970426	1.0	1165252
предложение_s иметь_v	5.913705970181067	10.0	1970426	1.0	1165252
система_s являться_v	5.716582437841699	29.0	1970426	3.0	1165252
наука_s являться_v	5.6180206716720145	19.0	1970426	2.0	1165252
процесс_s быть_v	5.6180206716720145	19.0	1970426	2.0	1165252
значение_s иметь_v	5.5757799147421485	66.0	1970426	7.0	1165252
план_s выдвигаться_v	5.322335373162961	9.0	1970426	1.0	1165252
автор_s рассматривать_v	5.322335373162961	9.0	1970426	1.0	1165252
смысл_s мочь_v	5.322335373162961	9.0	1970426	1.0	1165252
автор_s анализировать_v	5.322335373162961	9.0	1970426	1.0	1165252
акт_s мочь_v	5.322335373162961	9.0	1970426	1.0	1165252
речь_s пойти_v	5.322335373162961	9.0	1970426	1.0	1165252
функция_s выполнять_v	5.322335373162961	9.0	1970426	1.0	1165252
основание_s полагать_v	5.322335373162961	18.0	1970426	2.0	1165252
сталь_s возникать_v	5.322335373162961	9.0	1970426	1.0	1165252
вопрос_s являться_v	5.322335373162961	9.0	1970426	1.0	1165252
договор_s предусматривать_v	5.322335373162961	9.0	1970426	1.0	1165252
категория_s являться_v	5.322335373162961	9.0	1970426	1.0	1165252
субъект_s мочь_v	5.322335373162961	9.0	1970426	1.0	1165252
статья_s быть_v	5.322335373162961	9.0	1970426	1.0	1165252
изменение_s быть_v	5.322335373162961	9.0	1970426	1.0	1165252
экономика_s являться_v	5.026650074653908	17.0	1970426	2.0	1165252
государство_s быть_v	4.984409317724042	59.0	1970426	7.0	1165252
язык_s быть_v	4.762089544408965	153.0	1970426	19.0	1165252
федерация_s быть_v	4.730964776144854	8.0	1970426	1.0	1165252
рф_s являться_v	4.730964776144854	8.0	1970426	1.0	1165252
обстоятельство_s мочь_v	4.730964776144854	8.0	1970426	1.0	1165252
система_s иметь_v	4.730964776144854	8.0	1970426	1.0	1165252
язык_s лежать_v	4.730964776144854	8.0	1970426	1.0	1165252
действие_s являться_v	4.730964776144854	8.0	1970426	1.0	1165252
слово_s иметь_v	4.730964776144854	24.0	1970426	3.0	1165252
тип_s мочь_v	4.730964776144854	8.0	1970426	1.0	1165252
наука_s быть_v	4.730964776144854	8.0	1970426	1.0	1165252
кто_s иметь_v	4.730964776144854	8.0	1970426	1.0	1165252
последствие_s мочь_v	4.730964776144854	8.0	1970426	1.0	1165252
время_s мочь_v	4.730964776144854	16.0	1970426	2.0	1165252
основание_s считать_v	4.730964776144854	16.0	1970426	2.0	1165252
ситуация_s мочь_v	4.730964776144854	16.0	1970426	2.0	1165252
пример_s мочь_v	4.730964776144854	24.0	1970426	3.0	1165252
проблема_s являться_v	4.435279477635801	15.0	1970426	2.0	1165252
группа_s мочь_v	4.435279477635801	15.0	1970426	2.0	1165252
исследование_s являться_v	4.435279477635801	15.0	1970426	2.0	1165252
страна_s являться_v	4.435279477635801	15.0	1970426	2.0	1165252
население_s быть_v	4.435279477635801	15.0	1970426	2.0	1165252
язык_s существовать_v	4.3613581530085375	59.0	1970426	8.0	1165252
рынок_s мочь_v	4.139594179126747	7.0	1970426	1.0	1165252
различие_s мочь_v	4.139594179126747	7.0	1970426	1.0	1165252
россия_s иметь_v	4.139594179126747	7.0	1970426	1.0	1165252
роль_s принадлежать_v	4.139594179126747	14.0	1970426	2.0	1165252
ученый_s считать_v	4.139594179126747	7.0	1970426	1.0	1165252
цель_s мочь_v	4.139594179126747	7.0	1970426	1.0	1165252
орган_s принимать_v	4.139594179126747	7.0	1970426	1.0	1165252
исследование_s позволять_v	4.139594179126747	7.0	1970426	1.0	1165252
практика_s существовать_v	4.139594179126747	7.0	1970426	1.0	1165252
право_s принимать_v	4.139594179126747	7.0	1970426	1.0	1165252
период_s мочь_v	4.139594179126747	7.0	1970426	1.0	1165252
принцип_s являться_v	4.139594179126747	7.0	1970426	1.0	1165252
значение_s быть_v	4.139594179126747	7.0	1970426	1.0	1165252
рост_s быть_v	4.139594179126747	7.0	1970426	1.0	1165252
акт_s быть_v	4.139594179126747	7.0	1970426	1.0	1165252
германия_s быть_v	4.139594179126747	14.0	1970426	2.0	1165252
теория_s быть_v	4.139594179126747	14.0	1970426	2.0	1165252
явление_s быть_v	4.139594179126747	7.0	1970426	1.0	1165252
человек_s понимать_v	4.139594179126747	7.0	1970426	1.0	1165252
вещь_s мочь_v	4.139594179126747	7.0	1970426	1.0	1165252
язык_s относиться_v	3.991751529872221	27.0	1970426	4.0	1165252
действие_s мочь_v	3.8439088806176938	13.0	1970426	2.0	1165252
развитие_s быть_v	3.8439088806176938	13.0	1970426	2.0	1165252
страна_s стать_v	3.8439088806176938	13.0	1970426	2.0	1165252
земля_s являться_v	3.8439088806176938	13.0	1970426	2.0	1165252
многое_s зависеть_v	3.7453471144480095	38.0	1970426	6.0	1165252
положение_s быть_v	3.7453471144480095	19.0	1970426	3.0	1165252
язык_s оказаться_v	3.5482235821086405	6.0	1970426	1.0	1165252
язык_s служить_v	3.5482235821086405	6.0	1970426	1.0	1165252
руководство_s быть_v	3.5482235821086405	6.0	1970426	1.0	1165252
многое_s определяться_v	3.5482235821086405	12.0	1970426	2.0	1165252
зрение_s придерживаться_v	3.5482235821086405	6.0	1970426	1.0	1165252
автор_s обращаться_v	3.5482235821086405	6.0	1970426	1.0	1165252
дело_s являться_v	3.5482235821086405	12.0	1970426	2.0	1165252
законодательство_s быть_v	3.5482235821086405	6.0	1970426	1.0	1165252
норма_s мочь_v	3.5482235821086405	6.0	1970426	1.0	1165252
товар_s быть_v	3.5482235821086405	12.0	1970426	2.0	1165252
метод_s иметь_v	3.5482235821086405	6.0	1970426	1.0	1165252
смысл_s являться_v	3.5482235821086405	6.0	1970426	1.0	1165252
средство_s мочь_v	3.5482235821086405	6.0	1970426	1.0	1165252
страна_s появиться_v	3.5482235821086405	6.0	1970426	1.0	1165252
коммуникация_s являться_v	3.5482235821086405	6.0	1970426	1.0	1165252
сфера_s мочь_v	3.5482235821086405	6.0	1970426	1.0	1165252
язык_s иметь_v	3.5482235821086405	36.0	1970426	6.0	1165252
требование_s быть_v	3.5482235821086405	6.0	1970426	1.0	1165252
анализ_s получить_partcp	3.5482235821086405	6.0	1970426	1.0	1165252
россия_s являться_v	3.54822358210864	30.0	1970426	5.0	1165252
земля_s быть_v	3.400380932854114	23.0	1970426	4.0	1165252
страна_s становиться_v	3.2525382835995873	11.0	1970426	2.0	1165252
мера_s мочь_v	3.2525382835995873	11.0	1970426	2.0	1165252
возможность_s получить_v	3.2525382835995873	11.0	1970426	2.0	1165252
роль_s играть_v	3.2196843615430257	49.0	1970426	9.0	1165252
направление_s быть_v	3.153976517429903	16.0	1970426	3.0	1165252
речь_s быть_v	3.153976517429903	16.0	1970426	3.0	1165252
предложение_s мочь_v	3.153976517429903	16.0	1970426	3.0	1165252
экономика_s быть_v	3.1046956343450605	21.0	1970426	4.0	1165252
ссср_s быть_v	3.075127104494155	26.0	1970426	5.0	1165252
период_s быть_v	3.075127104494155	26.0	1970426	5.0	1165252
система_s быть_v	3.022560829203657	46.0	1970426	9.0	1165252
часть_s являться_v	2.9568529850905336	5.0	1970426	1.0	1165252
случай_s происходить_v	2.9568529850905336	5.0	1970426	1.0	1165252
право_s выступать_v	2.9568529850905336	5.0	1970426	1.0	1165252
основа_s лежать_v	2.9568529850905336	10.0	1970426	2.0	1165252
основание_s утверждать_v	2.9568529850905336	5.0	1970426	1.0	1165252
возможность_s быть_v	2.9568529850905336	5.0	1970426	1.0	1165252
система_s представлять_v	2.9568529850905336	10.0	1970426	2.0	1165252
право_s быть_v	2.9568529850905336	25.0	1970426	5.0	1165252
ресурс_s мочь_v	2.9568529850905336	10.0	1970426	2.0	1165252
документ_s являться_v	2.9568529850905336	5.0	1970426	1.0	1165252
содержание_s быть_v	2.9568529850905336	5.0	1970426	1.0	1165252
образ_s отличаться_v	2.9568529850905336	5.0	1970426	1.0	1165252
возможность_s получать_v	2.9568529850905336	5.0	1970426	1.0	1165252
вопрос_s относиться_v	2.9568529850905336	5.0	1970426	1.0	1165252
сталь_s уделять_v	2.9568529850905336	5.0	1970426	1.0	1165252
норма_s быть_v	2.9568529850905336	5.0	1970426	1.0	1165252
группа_s являться_v	2.9568529850905336	10.0	1970426	2.0	1165252
случай_s идти_v	2.9568529850905336	5.0	1970426	1.0	1165252
страна_s быть_v	2.759729452751165	70.0	1970426	15.0	1165252
труд_s быть_v	2.759729452751165	14.0	1970426	3.0	1165252
знак_s являться_v	2.6611676865814804	9.0	1970426	2.0	1165252
возможность_s использовать_v	2.6611676865814804	9.0	1970426	2.0	1165252
случай_s говорить_v	2.6611676865814804	9.0	1970426	2.0	1165252
ресурс_s быть_v	2.6611676865814804	9.0	1970426	2.0	1165252
война_s быть_v	2.6611676865814804	27.0	1970426	6.0	1165252
сша_s быть_v	2.562605920411796	26.0	1970426	6.0	1165252
практика_s показывать_v	2.513325037326954	17.0	1970426	4.0	1165252
проблема_s мочь_v	2.365482388072427	8.0	1970426	2.0	1165252
внимание_s быть_v	2.365482388072427	8.0	1970426	2.0	1165252
исследование_s стать_v	2.365482388072427	8.0	1970426	2.0	1165252
время_s происходить_v	2.365482388072427	8.0	1970426	2.0	1165252
мир_s мочь_v	2.365482388072427	12.0	1970426	3.0	1165252
условие_s мочь_v	2.365482388072427	12.0	1970426	3.0	1165252
гражданин_s быть_v	2.365482388072427	8.0	1970426	2.0	1165252
термин_s быть_v	2.365482388072427	8.0	1970426	2.0	1165252
страна_s мочь_v	2.2176397388179003	15.0	1970426	4.0	1165252
язык_s представлять_v	2.2176397388179003	30.0	1970426	8.0	1165252
исключение_s составлять_v	2.2176397388179003	15.0	1970426	4.0	1165252
общество_s являться_v	2.2176397388179003	15.0	1970426	4.0	1165252
что_s отличаться_v	2.168358855733058	11.0	1970426	3.0	1165252
человек_s становиться_v	2.168358855733058	11.0	1970426	3.0	1165252
китай_s быть_v	2.128934149265184	18.0	1970426	5.0	1165252
интерес_s представлять_v	2.1120378464932386	25.0	1970426	7.0	1165252
задача_s являться_v	2.0697970895633735	7.0	1970426	2.0	1165252
зрение_s быть_v	2.0697970895633735	7.0	1970426	2.0	1165252
человек_s использовать_v	2.0697970895633735	7.0	1970426	2.0	1165252
этап_s быть_v	2.0697970895633735	7.0	1970426	2.0	1165252
автор_s быть_v	2.0697970895633735	7.0	1970426	2.0	1165252
страна_s составлять_v	2.0697970895633735	7.0	1970426	2.0	1165252
функция_s являться_v	2.0697970895633735	7.0	1970426	2.0	1165252
слово_s быть_v	2.027556332633509	24.0	1970426	7.0	1165252
отношение_s быть_v	2.0106600298615627	17.0	1970426	5.0	1165252
цель_s являться_v	1.971235323393689	10.0	1970426	3.0	1165252
человек_s получать_v	1.971235323393689	10.0	1970426	3.0	1165252
фактор_s являться_v	1.971235323393689	10.0	1970426	3.0	1165252
основа_s быть_v	1.971235323393689	10.0	1970426	3.0	1165252
общество_s мочь_v	1.9219544403088469	13.0	1970426	4.0	1165252
человек_s говорить_v	1.9219544403088469	13.0	1970426	4.0	1165252
партия_s быть_v	1.9219544403088469	13.0	1970426	4.0	1165252
политика_s быть_v	1.8726735572240047	19.0	1970426	6.0	1165252
общество_s быть_v	1.8726735572240047	19.0	1970426	6.0	1165252
цена_s быть_v	1.8726735572240047	19.0	1970426	6.0	1165252
деньги_s быть_v	1.7741117910543203	12.0	1970426	4.0	1165252
условие_s быть_v	1.7741117910543203	6.0	1970426	2.0	1165252
решение_s мочь_v	1.7741117910543203	6.0	1970426	2.0	1165252
что_s происходить_v	1.7741117910543203	6.0	1970426	2.0	1165252
предпочтение_s отдаваться_v	1.7741117910543203	9.0	1970426	3.0	1165252
целое_s быть_v	1.7741117910543203	6.0	1970426	2.0	1165252
ситуация_s наблюдаться_v	1.7741117910543203	9.0	1970426	3.0	1165252
правительство_s мочь_v	1.7741117910543203	6.0	1970426	2.0	1165252
культура_s являться_v	1.7741117910543203	9.0	1970426	3.0	1165252
место_s принадлежать_v	1.7741117910543203	6.0	1970426	2.0	1165252
образ_s быть_v	1.7741117910543203	6.0	1970426	2.0	1165252
кто_s являться_v	1.7741117910543203	12.0	1970426	4.0	1165252
организация_s объединить_partcp	1.7741117910543203	12.0	1970426	4.0	1165252
позиция_s быть_v	1.7741117910543203	6.0	1970426	2.0	1165252
государство_s иметь_v	1.7741117910543203	12.0	1970426	4.0	1165252
мир_s существовать_v	1.6558376716506988	14.0	1970426	5.0	1165252
степень_s быть_v	1.6262691417997936	11.0	1970426	4.0	1165252
роль_s сыграть_v	1.6051487633348611	19.0	1970426	7.0	1165252
проблема_s заключаться_v	1.5769882587149515	8.0	1970426	3.0	1165252
право_s считаться_v	1.5769882587149515	8.0	1970426	3.0	1165252
речь_s мочь_v	1.5769882587149515	8.0	1970426	3.0	1165252
успех_s быть_v	1.5769882587149515	8.0	1970426	3.0	1165252
язык_s стать_v	1.5769882587149515	8.0	1970426	3.0	1165252
цель_s быть_v	1.5523478171725302	21.0	1970426	8.0	1165252
исследование_s показать_v	1.5375635522470774	13.0	1970426	5.0	1165252
власть_s быть_v	1.5112804146018286	23.0	1970426	9.0	1165252
тенденция_s проявляться_v	1.4784264925452668	5.0	1970426	2.0	1165252
процесс_s идти_v	1.4784264925452668	5.0	1970426	2.0	1165252
университет_s быть_v	1.4784264925452668	5.0	1970426	2.0	1165252
мир_s стать_v	1.4784264925452668	5.0	1970426	2.0	1165252
анализ_s позволять_v	1.4784264925452668	5.0	1970426	2.0	1165252
модель_s быть_v	1.4784264925452668	5.0	1970426	2.0	1165252
эпоха_s быть_v	1.4784264925452668	5.0	1970426	2.0	1165252
ситуация_s измениться_v	1.4784264925452668	10.0	1970426	4.0	1165252
программа_s быть_v	1.4784264925452668	15.0	1970426	6.0	1165252
семья_s быть_v	1.4784264925452668	10.0	1970426	4.0	1165252
рынок_s быть_v	1.436185735615402	17.0	1970426	7.0	1165252
рф_s быть_v	1.419289432843456	12.0	1970426	5.0	1165252
группа_s составлять_v	1.3798647263755826	7.0	1970426	3.0	1165252
случай_s иметь_v	1.3798647263755826	7.0	1970426	3.0	1165252
мир_s являться_v	1.3798647263755826	7.0	1970426	3.0	1165252
принцип_s быть_v	1.3305838432907402	9.0	1970426	4.0	1165252
многое_s быть_v	1.3305838432907402	9.0	1970426	4.0	1165252
вопрос_s мочь_v	1.3305838432907402	9.0	1970426	4.0	1165252
исследование_s быть_v	1.281302960205898	13.0	1970426	6.0	1165252
человек_s мочь_v	1.276115498828546	41.0	1970426	19.0	1165252
дело_s обстоять_v	1.1827411940362136	12.0	1970426	6.0	1165252
результат_s провести_partcp	1.1827411940362136	6.0	1970426	3.0	1165252
мир_s быть_v	1.098259680176484	13.0	1970426	7.0	1165252
организация_s быть_v	1.084179427866529	11.0	1970426	6.0	1165252
время_s являться_v	1.064467074632592	9.0	1970426	5.0	1165252
уровень_s быть_v	1.064467074632592	9.0	1970426	5.0	1165252
россия_s быть_v	1.0513255058099675	48.0	1970426	27.0	1165252
правительство_s быть_v	0.9856176616968446	15.0	1970426	9.0	1165252
ученый_s быть_v	0.9856176616968445	5.0	1970426	3.0	1165252
ситуация_s сложиться_v	0.9856176616968445	5.0	1970426	3.0	1165252
результат_s стать_v	0.9856176616968445	5.0	1970426	3.0	1165252
основание_s предполагать_v	0.9856176616968445	5.0	1970426	3.0	1165252
образ_s мочь_v	0.9856176616968445	5.0	1970426	3.0	1165252
необходимость_s иметь_v	0.9856176616968445	5.0	1970426	3.0	1165252
выборы_s быть_v	0.9856176616968445	5.0	1970426	3.0	1165252
ценность_s быть_v	0.9856176616968445	5.0	1970426	3.0	1165252
культура_s быть_v	0.9856176616968445	10.0	1970426	6.0	1165252
случай_s быть_v	0.9609772201544234	13.0	1970426	8.0	1165252
речь_s идти_v	0.9171255869009622	183.0	1970426	118.0	1165252
проблема_s быть_v	0.8870558955271601	9.0	1970426	6.0	1165252
часть_s быть_v	0.8870558955271601	6.0	1970426	4.0	1165252
сторона_s быть_v	0.8870558955271601	12.0	1970426	8.0	1165252
кто_s считать_v	0.8870558955271601	6.0	1970426	4.0	1165252
результат_s быть_v	0.8643108725649252	19.0	1970426	13.0	1165252
эксперт_s отмечать_v	0.8279188358253494	7.0	1970426	5.0	1165252
время_s быть_v	0.7884941293574758	48.0	1970426	36.0	1165252
время_s оставаться_v	0.7884941293574758	8.0	1970426	6.0	1165252
ситуация_s быть_v	0.7687817761235387	13.0	1970426	10.0	1165252
россия_s появиться_v	0.709644716421728	6.0	1970426	5.0	1165252
кто_s заниматься_v	0.709644716421728	6.0	1970426	5.0	1165252
проект_s быть_v	0.6899323631877913	14.0	1970426	12.0	1165252
суд_s быть_v	0.6758521108778364	8.0	1970426	7.0	1165252
закон_s быть_v	0.6702200099538543	17.0	1970426	15.0	1165252
группа_s быть_v	0.6451315603833891	12.0	1970426	11.0	1165252
действие_s быть_v	0.5913705970181068	8.0	1970426	8.0	1165252
место_s быть_v	0.5913705970181068	6.0	1970426	6.0	1165252
операция_s быть_v	0.5913705970181068	6.0	1970426	6.0	1165252
республика_s быть_v	0.5913705970181067	7.0	1970426	7.0	1165252
средство_s быть_v	0.5913705970181067	5.0	1970426	5.0	1165252
работа_s быть_v	0.5585166749615453	17.0	1970426	18.0	1165252
москва_s быть_v	0.5420897139332645	11.0	1970426	12.0	1165252
время_s стать_v	0.532233537316296	9.0	1970426	10.0	1165252
кто_s говорить_v	0.5068890831583772	6.0	1970426	7.0	1165252
вопрос_s быть_v	0.5068890831583772	12.0	1970426	14.0	1165252
решение_s быть_v	0.5026650074653907	17.0	1970426	20.0	1165252
что_s мочь_v	0.45995490879186085	7.0	1970426	9.0	1165252
кто_s быть_v	0.4300877069222595	16.0	1970426	22.0	1165252
что_s касаться_v	0.42150882978950166	67.0	1970426	94.0	1165252
сталь_s появляться_v	0.3942470646787379	8.0	1970426	12.0	1165252
предложение_s быть_v	0.37632674355697704	7.0	1970426	11.0	1165252
дело_s быть_v	0.334252946140669	13.0	1970426	23.0	1165252
человек_s быть_v	0.3238458031289632	23.0	1970426	42.0	1165252
документ_s быть_v	0.31124768264110875	10.0	1970426	19.0	1165252
что_s быть_v	0.30976555081900825	22.0	1970426	42.0	1165252
кто_s хотеть_v	0.2956852985090534	6.0	1970426	12.0	1165252
жизнь_s быть_v	0.26880481682641216	5.0	1970426	11.0	1165252
регион_s быть_v	0.24640441542421113	5.0	1970426	12.0	1165252
область_s быть_v	0.1478426492545267	6.0	1970426	24.0	1165252
