ngram	weird	freq_corp	size_corp	freq_ref	size_ref
подразделяться_v на_pr	60.319800895846896	102.0	1970426	1.0	1165252
возникать_partcp в_pr	36.07360641810451	61.0	1970426	1.0	1165252
понимать_v под_pr	18.923859104579417	32.0	1970426	1.0	1165252
создаваться_v в_pr	18.923859104579417	32.0	1970426	1.0	1165252
распадаться_v на_pr	16.558376716506988	28.0	1970426	1.0	1165252
формироваться_v на_pr	16.558376716506988	28.0	1970426	1.0	1165252
проявляться_partcp в_pr	15.375635522470775	26.0	1970426	1.0	1165252
влиять_partcp на_pr	15.178511990131407	77.0	1970426	3.0	1165252
делаться_v на_pr	14.192894328434562	24.0	1970426	1.0	1165252
определяться_v в_pr	13.601523731416457	23.0	1970426	1.0	1165252
возлагаться_v на_pr	13.601523731416457	23.0	1970426	1.0	1165252
функционировать_v в_pr	13.01015313439835	22.0	1970426	1.0	1165252
различаться_v по_pr	12.418782537380242	21.0	1970426	1.0	1165252
формироваться_v под_pr	11.827411940362135	20.0	1970426	1.0	1165252
определяться_v по_pr	11.827411940362135	20.0	1970426	1.0	1165252
формироваться_v в_pr	11.236041343344029	38.0	1970426	2.0	1165252
отнести_partcp к_pr	10.84179427866529	55.0	1970426	3.0	1165252
делиться_v на_pr	10.447547213986553	106.0	1970426	6.0	1165252
сформулировать_partcp в_pr	10.348985447816869	35.0	1970426	2.0	1165252
учитывать_v при_pr	10.053300149307816	17.0	1970426	1.0	1165252
предложить_partcp в_pr	10.053300149307816	17.0	1970426	1.0	1165252
преобразоваться_v в_pr	10.053300149307816	17.0	1970426	1.0	1165252
выразиться_v в_pr	10.053300149307816	17.0	1970426	1.0	1165252
выполнять_v в_pr	10.053300149307816	17.0	1970426	1.0	1165252
составить_v в_pr	10.053300149307816	17.0	1970426	1.0	1165252
осуществлять_partcp на_pr	9.461929552289709	16.0	1970426	1.0	1165252
применяться_v к_pr	9.461929552289709	16.0	1970426	1.0	1165252
влечь_v за_pr	9.166244253780656	62.0	1970426	4.0	1165252
вносить_v в_pr	9.166244253780656	31.0	1970426	2.0	1165252
закрепить_partcp в_pr	8.988833074675222	76.0	1970426	5.0	1165252
ориентироваться_partcp на_pr	8.870558955271601	15.0	1970426	1.0	1165252
приспособить_partcp для_pr	8.279188358253494	14.0	1970426	1.0	1165252
отличать_v от_pr	8.279188358253494	14.0	1970426	1.0	1165252
ставиться_v в_pr	8.279188358253494	14.0	1970426	1.0	1165252
заимствовать_partcp из_pr	8.082064825914125	41.0	1970426	3.0	1165252
объединить_partcp в_pr	7.983503059744442	27.0	1970426	2.0	1165252
приводить_partcp к_pr	7.983503059744442	27.0	1970426	2.0	1165252
закрепить_partcp за_pr	7.983503059744442	27.0	1970426	2.0	1165252
вытекать_v из_pr	7.884941293574756	40.0	1970426	3.0	1165252
складываться_partcp в_pr	7.6878177612353875	26.0	1970426	2.0	1165252
базироваться_partcp на_pr	7.6878177612353875	26.0	1970426	2.0	1165252
сказываться_v на_pr	7.29357069655665	37.0	1970426	3.0	1165252
осуществляться_v в_pr	7.162155008330404	109.0	1970426	9.0	1165252
строиться_v по_pr	7.096447164217281	12.0	1970426	1.0	1165252
ориентироваться_v в_pr	7.096447164217281	12.0	1970426	1.0	1165252
развиваться_v на_pr	7.096447164217281	12.0	1970426	1.0	1165252
обращаться_v на_pr	7.096447164217281	12.0	1970426	1.0	1165252
свести_v к_pr	7.096447164217281	24.0	1970426	2.0	1165252
иметься_partcp в_pr	7.09644716421728	60.0	1970426	5.0	1165252
выражаться_v в_pr	7.03731010451547	119.0	1970426	10.0	1165252
возникнуть_partcp в_pr	6.948604514962755	47.0	1970426	4.0	1165252
включаться_v в_pr	6.8993236318779125	70.0	1970426	6.0	1165252
осуществлять_v в_pr	6.800761865708228	23.0	1970426	2.0	1165252
специализироваться_v на_pr	6.800761865708228	23.0	1970426	2.0	1165252
иметься_partcp у_pr	6.800761865708228	23.0	1970426	2.0	1165252
складываться_v под_pr	6.505076567199175	11.0	1970426	1.0	1165252
различаться_partcp по_pr	6.505076567199175	11.0	1970426	1.0	1165252
работать_partcp по_pr	6.505076567199175	11.0	1970426	1.0	1165252
выделять_v в_pr	6.505076567199175	11.0	1970426	1.0	1165252
разработать_partcp в_pr	6.307953034859806	32.0	1970426	3.0	1165252
сформироваться_partcp в_pr	6.209391268690121	21.0	1970426	2.0	1165252
отразить_partcp в_pr	6.209391268690121	21.0	1970426	2.0	1165252
основываться_v на_pr	6.17243060637649	167.0	1970426	16.0	1165252
вести_v к_pr	6.1546347319291845	281.0	1970426	27.0	1165252
указать_partcp в_pr	6.0615486194355945	41.0	1970426	4.0	1165252
принадлежать_partcp к_pr	6.031980089584689	51.0	1970426	5.0	1165252
усматривать_v в_pr	5.913705970181067	10.0	1970426	1.0	1165252
руководствоваться_v в_pr	5.913705970181067	10.0	1970426	1.0	1165252
получить_partcp на_pr	5.913705970181067	10.0	1970426	1.0	1165252
совершаться_v в_pr	5.913705970181067	10.0	1970426	1.0	1165252
включать_partcp в_pr	5.913705970181067	60.0	1970426	6.0	1165252
состоять_partcp на_pr	5.913705970181067	10.0	1970426	1.0	1165252
доминировать_partcp в_pr	5.913705970181067	10.0	1970426	1.0	1165252
отсылать_v к_pr	5.913705970181067	10.0	1970426	1.0	1165252
распределить_partcp по_pr	5.913705970181067	10.0	1970426	1.0	1165252
унаследовать_partcp от_pr	5.913705970181067	20.0	1970426	2.0	1165252
применяться_v в_pr	5.765863320926542	39.0	1970426	4.0	1165252
зависеть_partcp от_pr	5.677157731373824	48.0	1970426	5.0	1165252
использовать_partcp на_pr	5.6180206716720145	19.0	1970426	2.0	1165252
являться_v по_pr	5.6180206716720145	19.0	1970426	2.0	1165252
использоваться_v при_pr	5.51945890550233	28.0	1970426	3.0	1165252
возложить_partcp на_pr	5.51945890550233	56.0	1970426	6.0	1165252
базироваться_v на_pr	5.470178022417487	74.0	1970426	8.0	1165252
сочетать_partcp в_pr	5.322335373162961	9.0	1970426	1.0	1165252
применять_partcp при_pr	5.322335373162961	9.0	1970426	1.0	1165252
возникнуть_v на_pr	5.322335373162961	9.0	1970426	1.0	1165252
исключаться_v из_pr	5.322335373162961	9.0	1970426	1.0	1165252
предоставлять_partcp в_pr	5.322335373162961	9.0	1970426	1.0	1165252
пересекаться_v с_pr	5.322335373162961	9.0	1970426	1.0	1165252
поставить_partcp под_pr	5.322335373162961	9.0	1970426	1.0	1165252
учитываться_v в_pr	5.322335373162961	9.0	1970426	1.0	1165252
протекать_v в_pr	5.322335373162961	18.0	1970426	2.0	1165252
даваться_v в_pr	5.322335373162961	9.0	1970426	1.0	1165252
сложиться_partcp в_pr	5.2378538593032316	62.0	1970426	7.0	1165252
осуществляться_v по_pr	5.174492723908434	35.0	1970426	4.0	1165252
возникать_v в_pr	5.174492723908434	70.0	1970426	8.0	1165252
объединяться_v в_pr	5.125211840823592	26.0	1970426	3.0	1165252
строиться_v на_pr	5.026650074653908	51.0	1970426	6.0	1165252
возникать_partcp при_pr	5.026650074653908	17.0	1970426	2.0	1165252
использоваться_v на_pr	5.026650074653908	17.0	1970426	2.0	1165252
осуществляться_v через_pr	5.026650074653908	17.0	1970426	2.0	1165252
относить_v к_pr	4.967513014952097	42.0	1970426	5.0	1165252
существовать_v в_pr	4.928088308484224	75.0	1970426	9.0	1165252
колебаться_v от_pr	4.928088308484223	25.0	1970426	3.0	1165252
распространяться_v на_pr	4.815446290004584	57.0	1970426	7.0	1165252
проистекать_v из_pr	4.730964776144854	8.0	1970426	1.0	1165252
возлагать_v на_pr	4.730964776144854	16.0	1970426	2.0	1165252
призывать_partcp к_pr	4.730964776144854	8.0	1970426	1.0	1165252
проводиться_v с_pr	4.730964776144854	8.0	1970426	1.0	1165252
использовать_partcp при_pr	4.730964776144854	24.0	1970426	3.0	1165252
вкладываться_v в_pr	4.730964776144854	8.0	1970426	1.0	1165252
производиться_v в_pr	4.730964776144854	24.0	1970426	3.0	1165252
преобладать_v над_pr	4.730964776144854	8.0	1970426	1.0	1165252
употребить_partcp в_pr	4.730964776144854	8.0	1970426	1.0	1165252
оторвать_partcp от_pr	4.730964776144854	8.0	1970426	1.0	1165252
рассматривать_partcp в_pr	4.730964776144854	8.0	1970426	1.0	1165252
возникать_v при_pr	4.730964776144854	16.0	1970426	2.0	1165252
проявляться_v в_pr	4.668715239616632	150.0	1970426	19.0	1165252
сложиться_v в_pr	4.583122126890328	31.0	1970426	4.0	1165252
происходить_v по_pr	4.533841243805486	23.0	1970426	3.0	1165252
заключаться_partcp в_pr	4.533841243805486	23.0	1970426	3.0	1165252
вовлечь_partcp в_pr	4.533841243805486	46.0	1970426	6.0	1165252
утвердить_partcp в_pr	4.435279477635801	15.0	1970426	2.0	1165252
обжаловать_partcp в_pr	4.435279477635801	15.0	1970426	2.0	1165252
отсутствовать_v в_pr	4.435279477635801	15.0	1970426	2.0	1165252
реализоваться_v в_pr	4.376142417933989	37.0	1970426	5.0	1165252
употребляться_v в_pr	4.336717711466116	22.0	1970426	3.0	1165252
вытекать_partcp из_pr	4.238155945296432	43.0	1970426	6.0	1165252
сосредоточить_partcp в_pr	4.139594179126748	21.0	1970426	3.0	1165252
выполняться_v в_pr	4.139594179126747	7.0	1970426	1.0	1165252
выступать_partcp против_pr	4.139594179126747	7.0	1970426	1.0	1165252
осуществляться_v посредством_pr	4.139594179126747	7.0	1970426	1.0	1165252
формироваться_v по_pr	4.139594179126747	7.0	1970426	1.0	1165252
свести_partcp к_pr	4.139594179126747	28.0	1970426	4.0	1165252
осуществлять_partcp в_pr	4.139594179126747	28.0	1970426	4.0	1165252
господствовать_partcp в_pr	4.139594179126747	14.0	1970426	2.0	1165252
испытывать_v на_pr	4.139594179126747	7.0	1970426	1.0	1165252
закрепляться_v в_pr	4.139594179126747	7.0	1970426	1.0	1165252
учесть_partcp в_pr	4.139594179126747	7.0	1970426	1.0	1165252
концентрироваться_v на_pr	4.139594179126747	7.0	1970426	1.0	1165252
находиться_v вне_pr	4.139594179126747	7.0	1970426	1.0	1165252
осуществляться_v без_pr	4.139594179126747	7.0	1970426	1.0	1165252
складываться_v на_pr	4.139594179126747	7.0	1970426	1.0	1165252
проявляться_v на_pr	4.139594179126747	7.0	1970426	1.0	1165252
проявляться_v во_pr	4.139594179126747	7.0	1970426	1.0	1165252
ограничить_partcp в_pr	4.139594179126747	7.0	1970426	1.0	1165252
разобраться_v с_pr	4.139594179126747	7.0	1970426	1.0	1165252
распасться_v на_pr	4.139594179126747	7.0	1970426	1.0	1165252
создаваться_v для_pr	4.139594179126747	14.0	1970426	2.0	1165252
различаться_v в_pr	4.139594179126747	14.0	1970426	2.0	1165252
распределяться_v по_pr	4.139594179126747	14.0	1970426	2.0	1165252
вводить_partcp в_pr	4.139594179126747	7.0	1970426	1.0	1165252
вступать_partcp в_pr	4.139594179126747	7.0	1970426	1.0	1165252
отклоняться_v от_pr	4.139594179126747	7.0	1970426	1.0	1165252
располагаться_v по_pr	4.139594179126747	7.0	1970426	1.0	1165252
ориентироваться_v на_pr	4.085833215761465	76.0	1970426	11.0	1165252
опираться_partcp на_pr	4.065672854499484	55.0	1970426	8.0	1165252
приводить_v к_pr	4.043043877572771	335.0	1970426	49.0	1165252
сочетаться_v с_pr	4.041032412957063	41.0	1970426	6.0	1165252
включать_v в_pr	3.981895353255252	202.0	1970426	30.0	1165252
нуждаться_partcp в_pr	3.942470646787378	20.0	1970426	3.0	1165252
вступить_partcp в_pr	3.942470646787378	40.0	1970426	6.0	1165252
меняться_v в_pr	3.8439088806176938	26.0	1970426	4.0	1165252
иметь_partcp в_pr	3.8439088806176938	26.0	1970426	4.0	1165252
осуществляться_v на_pr	3.8439088806176938	52.0	1970426	8.0	1165252
приспосабливаться_v к_pr	3.8439088806176938	13.0	1970426	2.0	1165252
сохраняться_v в_pr	3.8439088806176938	26.0	1970426	4.0	1165252
определить_partcp в_pr	3.8439088806176938	13.0	1970426	2.0	1165252
состоять_partcp в_pr	3.8439088806176938	26.0	1970426	4.0	1165252
состоять_v в_pr	3.806948218304062	309.0	1970426	48.0	1165252
влиять_v на_pr	3.7529287887687537	165.0	1970426	26.0	1165252
приводиться_v в_pr	3.7453471144480095	19.0	1970426	3.0	1165252
приниматься_v в_pr	3.7453471144480095	19.0	1970426	3.0	1165252
проявиться_v в_pr	3.6960662313631674	25.0	1970426	4.0	1165252
опираться_v на_pr	3.6909682089750797	181.0	1970426	29.0	1165252
складываться_v из_pr	3.6664977015122617	31.0	1970426	5.0	1165252
использовать_partcp в_pr	3.6177965935225354	104.0	1970426	17.0	1165252
воздействовать_v на_pr	3.6139314262217637	55.0	1970426	9.0	1165252
признать_partcp в_pr	3.5482235821086405	6.0	1970426	1.0	1165252
содержать_partcp в_pr	3.5482235821086405	6.0	1970426	1.0	1165252
принимать_partcp на_pr	3.5482235821086405	6.0	1970426	1.0	1165252
протекать_partcp в_pr	3.5482235821086405	6.0	1970426	1.0	1165252
отходить_v на_pr	3.5482235821086405	6.0	1970426	1.0	1165252
пользоваться_v в_pr	3.5482235821086405	12.0	1970426	2.0	1165252
меняться_v с_pr	3.5482235821086405	6.0	1970426	1.0	1165252
исчезнуть_v из_pr	3.5482235821086405	6.0	1970426	1.0	1165252
иметь_v под_pr	3.5482235821086405	6.0	1970426	1.0	1165252
заимствовать_partcp у_pr	3.5482235821086405	6.0	1970426	1.0	1165252
выдвинуть_v на_pr	3.5482235821086405	6.0	1970426	1.0	1165252
получать_partcp в_pr	3.5482235821086405	12.0	1970426	2.0	1165252
получать_v в_pr	3.5482235821086405	18.0	1970426	3.0	1165252
взаимодействовать_v с_pr	3.5482235821086405	18.0	1970426	3.0	1165252
перейти_v от_pr	3.5482235821086405	12.0	1970426	2.0	1165252
оказывать_v на_pr	3.5482235821086405	12.0	1970426	2.0	1165252
вызвать_v к_pr	3.5482235821086405	18.0	1970426	3.0	1165252
интегрировать_partcp в_pr	3.5482235821086405	12.0	1970426	2.0	1165252
возникать_partcp на_pr	3.5482235821086405	12.0	1970426	2.0	1165252
превалировать_v над_pr	3.5482235821086405	6.0	1970426	1.0	1165252
мириться_v с_pr	3.5482235821086405	6.0	1970426	1.0	1165252
переплетаться_v с_pr	3.5482235821086405	6.0	1970426	1.0	1165252
заимствовать_v у_pr	3.5482235821086405	6.0	1970426	1.0	1165252
воплощать_v в_pr	3.5482235821086405	6.0	1970426	1.0	1165252
заменяться_v на_pr	3.5482235821086405	6.0	1970426	1.0	1165252
сформировать_partcp в_pr	3.5482235821086405	6.0	1970426	1.0	1165252
оставаться_v при_pr	3.5482235821086405	6.0	1970426	1.0	1165252
оставаться_v у_pr	3.5482235821086405	6.0	1970426	1.0	1165252
становиться_v в_pr	3.5482235821086405	6.0	1970426	1.0	1165252
бросаться_partcp в_pr	3.5482235821086405	6.0	1970426	1.0	1165252
использоваться_v в_pr	3.54822358210864	126.0	1970426	21.0	1165252
заключаться_v в_pr	3.5361547944143936	293.0	1970426	49.0	1165252
относиться_partcp к_pr	3.457243490259701	152.0	1970426	26.0	1165252
использоваться_v для_pr	3.4496618159389567	105.0	1970426	18.0	1165252
применять_partcp в_pr	3.4496618159389563	35.0	1970426	6.0	1165252
отнести_v к_pr	3.429949462705019	29.0	1970426	5.0	1165252
ориентировать_partcp на_pr	3.4168078938823947	104.0	1970426	18.0	1165252
действовать_partcp в_pr	3.351100049769272	51.0	1970426	9.0	1165252
направляться_v на_pr	3.3511000497692716	17.0	1970426	3.0	1165252
дать_partcp в_pr	3.3511000497692716	17.0	1970426	3.0	1165252
наблюдаться_v в_pr	3.3264596082268505	45.0	1970426	8.0	1165252
лежать_partcp в_pr	3.285392205656149	50.0	1970426	9.0	1165252
соотнести_partcp с_pr	3.2525382835995873	11.0	1970426	2.0	1165252
рассмотреть_partcp в_pr	3.2525382835995873	11.0	1970426	2.0	1165252
создаваться_v на_pr	3.2525382835995873	11.0	1970426	2.0	1165252
содержаться_partcp в_pr	3.2525382835995873	88.0	1970426	16.0	1165252
вестись_v в_pr	3.2525382835995873	22.0	1970426	4.0	1165252
освобождать_v от_pr	3.2525382835995873	11.0	1970426	2.0	1165252
говорить_partcp на_pr	3.1934012238977765	54.0	1970426	10.0	1165252
указывать_partcp на_pr	3.178616958972324	43.0	1970426	8.0	1165252
сократиться_v в_pr	3.153976517429903	16.0	1970426	3.0	1165252
воздействовать_partcp на_pr	3.153976517429903	16.0	1970426	3.0	1165252
следовать_partcp за_pr	3.153976517429903	16.0	1970426	3.0	1165252
отражаться_v в_pr	3.153976517429903	32.0	1970426	6.0	1165252
заложить_partcp в_pr	3.1046956343450605	63.0	1970426	12.0	1165252
принимать_v во_pr	3.075127104494155	52.0	1970426	10.0	1165252
приходиться_v на_pr	3.0307743097177973	41.0	1970426	8.0	1165252
связываться_v с_pr	3.022560829203657	46.0	1970426	9.0	1165252
входить_partcp в_pr	3.0207849415249233	189.0	1970426	37.0	1165252
восходить_v к_pr	2.956852985090534	45.0	1970426	9.0	1165252
признать_v в_pr	2.9568529850905336	5.0	1970426	1.0	1165252
изучаться_v в_pr	2.9568529850905336	10.0	1970426	2.0	1165252
достигнуть_partcp к_pr	2.9568529850905336	5.0	1970426	1.0	1165252
возникать_v по_pr	2.9568529850905336	5.0	1970426	1.0	1165252
прекратить_partcp в_pr	2.9568529850905336	5.0	1970426	1.0	1165252
господствовать_v над_pr	2.9568529850905336	5.0	1970426	1.0	1165252
сложиться_v на_pr	2.9568529850905336	5.0	1970426	1.0	1165252
говориться_v об_pr	2.9568529850905336	5.0	1970426	1.0	1165252
служить_v для_pr	2.9568529850905336	55.0	1970426	11.0	1165252
происходить_v путем_pr	2.9568529850905336	5.0	1970426	1.0	1165252
возникнуть_partcp после_pr	2.9568529850905336	5.0	1970426	1.0	1165252
стремиться_partcp к_pr	2.9568529850905336	20.0	1970426	4.0	1165252
закрепить_v в_pr	2.9568529850905336	5.0	1970426	1.0	1165252
указывать_v в_pr	2.9568529850905336	5.0	1970426	1.0	1165252
заноситься_v в_pr	2.9568529850905336	5.0	1970426	1.0	1165252
реализовать_v в_pr	2.9568529850905336	5.0	1970426	1.0	1165252
существовать_v во_pr	2.9568529850905336	5.0	1970426	1.0	1165252
выводить_v из_pr	2.9568529850905336	10.0	1970426	2.0	1165252
отражать_v в_pr	2.9568529850905336	5.0	1970426	1.0	1165252
иметься_partcp на_pr	2.9568529850905336	5.0	1970426	1.0	1165252
фиксироваться_v в_pr	2.9568529850905336	10.0	1970426	2.0	1165252
принять_partcp на_pr	2.9568529850905336	5.0	1970426	1.0	1165252
начаться_partcp в_pr	2.9568529850905336	15.0	1970426	3.0	1165252
извлечь_partcp из_pr	2.9568529850905336	5.0	1970426	1.0	1165252
объединить_v в_pr	2.9568529850905336	10.0	1970426	2.0	1165252
возникнуть_v в_pr	2.891145140977411	44.0	1970426	9.0	1165252
представить_partcp в_pr	2.8805471016043267	151.0	1970426	31.0	1165252
предназначить_partcp для_pr	2.7878899573710743	33.0	1970426	7.0	1165252
вмешиваться_v в_pr	2.7878899573710743	33.0	1970426	7.0	1165252
функционировать_partcp в_pr	2.759729452751165	14.0	1970426	3.0	1165252
передаваться_v в_pr	2.759729452751165	14.0	1970426	3.0	1165252
зависеть_v от_pr	2.7074798417696453	380.0	1970426	83.0	1165252
соотноситься_v с_pr	2.7034084435113455	32.0	1970426	7.0	1165252
стоять_partcp перед_pr	2.7034084435113455	32.0	1970426	7.0	1165252
содержать_v в_pr	2.694021608638042	41.0	1970426	9.0	1165252
исходить_v из_pr	2.6704078521598884	289.0	1970426	64.0	1165252
позволять_v в_pr	2.6611676865814804	9.0	1970426	2.0	1165252
коррелировать_v с_pr	2.6611676865814804	9.0	1970426	2.0	1165252
выливаться_v в_pr	2.6611676865814804	9.0	1970426	2.0	1165252
проводить_partcp в_pr	2.6611676865814804	18.0	1970426	4.0	1165252
переходить_v от_pr	2.6611676865814804	18.0	1970426	4.0	1165252
прослеживаться_v в_pr	2.6611676865814804	9.0	1970426	2.0	1165252
распространить_partcp в_pr	2.6611676865814804	18.0	1970426	4.0	1165252
носить_v в_pr	2.6611676865814804	9.0	1970426	2.0	1165252
увеличиться_v в_pr	2.6611676865814804	27.0	1970426	6.0	1165252
создать_partcp по_pr	2.6611676865814804	9.0	1970426	2.0	1165252
трансформироваться_v в_pr	2.6611676865814804	18.0	1970426	4.0	1165252
создать_v в_pr	2.6611676865814804	9.0	1970426	2.0	1165252
исключить_partcp из_pr	2.6611676865814804	27.0	1970426	6.0	1165252
основать_partcp на_pr	2.5972357301470903	325.0	1970426	74.0	1165252
претендовать_v на_pr	2.5929326176947756	57.0	1970426	13.0	1165252
нацелить_partcp на_pr	2.5805262415335566	48.0	1970426	11.0	1165252
производить_partcp в_pr	2.562605920411796	13.0	1970426	3.0	1165252
поставить_partcp перед_pr	2.562605920411796	13.0	1970426	3.0	1165252
нести_v на_pr	2.562605920411796	13.0	1970426	3.0	1165252
развиваться_v по_pr	2.562605920411796	13.0	1970426	3.0	1165252
выделить_v в_pr	2.562605920411796	13.0	1970426	3.0	1165252
снизиться_v до_pr	2.562605920411796	13.0	1970426	3.0	1165252
конкурировать_v с_pr	2.562605920411796	13.0	1970426	3.0	1165252
произвести_partcp в_pr	2.534445415791886	30.0	1970426	7.0	1165252
свидетельствовать_v о_pr	2.516470625608965	200.0	1970426	47.0	1165252
превращаться_v в_pr	2.508227014938867	123.0	1970426	29.0	1165252
согласоваться_v с_pr	2.4837565074760484	21.0	1970426	5.0	1165252
использовать_partcp для_pr	2.464044154242112	75.0	1970426	18.0	1165252
разделить_v на_pr	2.4640441542421114	25.0	1970426	6.0	1165252
освобождаться_v от_pr	2.4499639019321564	29.0	1970426	7.0	1165252
существовать_partcp в_pr	2.4443318010081745	62.0	1970426	15.0	1165252
рассматриваться_v в_pr	2.4192433514377094	45.0	1970426	11.0	1165252
сводиться_v к_pr	2.3901228296148482	97.0	1970426	24.0	1165252
подходить_v для_pr	2.365482388072427	12.0	1970426	3.0	1165252
основываться_partcp на_pr	2.365482388072427	8.0	1970426	2.0	1165252
применяться_v для_pr	2.365482388072427	12.0	1970426	3.0	1165252
приравниваться_v к_pr	2.365482388072427	12.0	1970426	3.0	1165252
мочь_v по_pr	2.365482388072427	8.0	1970426	2.0	1165252
выполнить_partcp на_pr	2.365482388072427	12.0	1970426	3.0	1165252
действовать_v в_pr	2.365482388072427	48.0	1970426	12.0	1165252
уклоняться_v от_pr	2.365482388072427	8.0	1970426	2.0	1165252
возникнуть_partcp на_pr	2.365482388072427	8.0	1970426	2.0	1165252
свидетельствовать_partcp об_pr	2.365482388072427	8.0	1970426	2.0	1165252
совпадать_v в_pr	2.365482388072427	12.0	1970426	3.0	1165252
находиться_partcp за_pr	2.365482388072427	8.0	1970426	2.0	1165252
довести_partcp до_pr	2.365482388072427	8.0	1970426	2.0	1165252
разделиться_v на_pr	2.365482388072427	8.0	1970426	2.0	1165252
связать_partcp со_pr	2.365482388072427	8.0	1970426	2.0	1165252
отождествляться_v с_pr	2.365482388072427	16.0	1970426	4.0	1165252
распространяться_v в_pr	2.365482388072427	8.0	1970426	2.0	1165252
действовать_partcp на_pr	2.3654823880724267	20.0	1970426	5.0	1165252
получить_partcp от_pr	2.3654823880724267	28.0	1970426	7.0	1165252
выразить_partcp в_pr	2.3654823880724267	20.0	1970426	5.0	1165252
отличаться_v от_pr	2.307504878560848	199.0	1970426	51.0	1165252
привязать_partcp к_pr	2.291561063445164	31.0	1970426	8.0	1165252
реализовать_partcp в_pr	2.266920621902743	23.0	1970426	6.0	1165252
присутствовать_v в_pr	2.2472082686688055	19.0	1970426	5.0	1165252
составлять_v в_pr	2.2472082686688055	19.0	1970426	5.0	1165252
выражаться_partcp в_pr	2.2176397388179003	15.0	1970426	4.0	1165252
находиться_partcp под_pr	2.196519360352968	26.0	1970426	7.0	1165252
осуществляться_v при_pr	2.168358855733058	11.0	1970426	3.0	1165252
вводиться_v в_pr	2.168358855733058	11.0	1970426	3.0	1165252
устанавливаться_v на_pr	2.168358855733058	11.0	1970426	3.0	1165252
идти_v от_pr	2.168358855733058	11.0	1970426	3.0	1165252
отражаться_v на_pr	2.168358855733058	22.0	1970426	6.0	1165252
применяться_v при_pr	2.168358855733058	11.0	1970426	3.0	1165252
направлять_v в_pr	2.168358855733058	11.0	1970426	3.0	1165252
претендовать_partcp на_pr	2.128934149265184	18.0	1970426	5.0	1165252
получить_partcp в_pr	2.119077972648216	43.0	1970426	12.0	1165252
отставать_v от_pr	2.1120378464932386	25.0	1970426	7.0	1165252
находиться_partcp в_pr	2.1056377318068953	235.0	1970426	66.0	1165252
направить_partcp на_pr	2.10527932538446	178.0	1970426	50.0	1165252
происходить_partcp в_pr	2.0895094427973104	53.0	1970426	15.0	1165252
связать_partcp с_pr	2.076088266127396	165.0	1970426	47.0	1165252
сохраниться_v в_pr	2.069797089563374	21.0	1970426	6.0	1165252
отождествлять_v с_pr	2.0697970895633735	7.0	1970426	2.0	1165252
развиться_v в_pr	2.0697970895633735	7.0	1970426	2.0	1165252
соприкасаться_v с_pr	2.0697970895633735	7.0	1970426	2.0	1165252
решаться_v в_pr	2.0697970895633735	7.0	1970426	2.0	1165252
установить_partcp на_pr	2.0697970895633735	7.0	1970426	2.0	1165252
идти_partcp на_pr	2.0697970895633735	7.0	1970426	2.0	1165252
осуществляться_v из_pr	2.0697970895633735	7.0	1970426	2.0	1165252
складываться_v в_pr	2.0697970895633735	28.0	1970426	8.0	1165252
создавать_v для_pr	2.0697970895633735	7.0	1970426	2.0	1165252
возникнуть_v из_pr	2.0697970895633735	7.0	1970426	2.0	1165252
назначаться_v на_pr	2.0697970895633735	14.0	1970426	4.0	1165252
смешиваться_v с_pr	2.0697970895633735	7.0	1970426	2.0	1165252
приспособиться_v к_pr	2.0697970895633735	7.0	1970426	2.0	1165252
привести_partcp в_pr	2.0429166078807324	38.0	1970426	11.0	1165252
повлечь_v за_pr	2.0429166078807324	38.0	1970426	11.0	1165252
сказаться_v на_pr	2.027556332633509	24.0	1970426	7.0	1165252
иметься_v в_pr	2.027556332633509	24.0	1970426	7.0	1165252
содержаться_v в_pr	2.004089245450251	61.0	1970426	18.0	1165252
сопрячь_partcp с_pr	1.9712353233936892	30.0	1970426	9.0	1165252
являться_v в_pr	1.9712353233936892	30.0	1970426	9.0	1165252
подпадать_v под_pr	1.971235323393689	10.0	1970426	3.0	1165252
настаивать_partcp на_pr	1.971235323393689	10.0	1970426	3.0	1165252
сформироваться_v в_pr	1.971235323393689	20.0	1970426	6.0	1165252
восходить_partcp к_pr	1.971235323393689	20.0	1970426	6.0	1165252
изъять_partcp из_pr	1.971235323393689	10.0	1970426	3.0	1165252
привести_v к_pr	1.9628470879749926	468.0	1970426	141.0	1165252
принять_partcp в_pr	1.9430748187737794	23.0	1970426	7.0	1165252
развиваться_v в_pr	1.9430748187737794	46.0	1970426	14.0	1165252
построить_partcp на_pr	1.9430748187737794	46.0	1970426	14.0	1165252
вести_partcp к_pr	1.9219544403088469	26.0	1970426	8.0	1165252
исходить_partcp от_pr	1.9219544403088469	13.0	1970426	4.0	1165252
свидетельствовать_v об_pr	1.9055274792805665	29.0	1970426	9.0	1165252
обнаруживаться_v в_pr	1.8923859104579417	16.0	1970426	5.0	1165252
участвовать_partcp в_pr	1.848033115681584	75.0	1970426	24.0	1165252
происходить_v на_pr	1.8480331156815837	25.0	1970426	8.0	1165252
осуществить_partcp в_pr	1.8398196351674434	28.0	1970426	9.0	1165252
поставить_v под_pr	1.8332488507561309	31.0	1970426	10.0	1165252
свидетельствовать_partcp о_pr	1.8278727544196027	34.0	1970426	11.0	1165252
оказываться_v в_pr	1.8233926741391624	37.0	1970426	12.0	1165252
относиться_v к_pr	1.7905387520826008	327.0	1970426	108.0	1165252
установить_v на_pr	1.7741117910543203	6.0	1970426	2.0	1165252
абстрагироваться_v от_pr	1.7741117910543203	9.0	1970426	3.0	1165252
утвердиться_v в_pr	1.7741117910543203	6.0	1970426	2.0	1165252
представить_v в_pr	1.7741117910543203	9.0	1970426	3.0	1165252
составить_partcp из_pr	1.7741117910543203	9.0	1970426	3.0	1165252
побуждать_v к_pr	1.7741117910543203	6.0	1970426	2.0	1165252
излагаться_v в_pr	1.7741117910543203	6.0	1970426	2.0	1165252
оказать_v на_pr	1.7741117910543203	6.0	1970426	2.0	1165252
создавать_partcp на_pr	1.7741117910543203	6.0	1970426	2.0	1165252
упоминать_v о_pr	1.7741117910543203	6.0	1970426	2.0	1165252
решить_partcp в_pr	1.7741117910543203	12.0	1970426	4.0	1165252
создавать_v в_pr	1.7741117910543203	12.0	1970426	4.0	1165252
задействовать_partcp в_pr	1.7741117910543203	6.0	1970426	2.0	1165252
варьироваться_v в_pr	1.7741117910543203	6.0	1970426	2.0	1165252
отталкиваться_v от_pr	1.7741117910543203	6.0	1970426	2.0	1165252
получить_v при_pr	1.7741117910543203	9.0	1970426	3.0	1165252
перерастать_v в_pr	1.7741117910543203	9.0	1970426	3.0	1165252
отвлечься_v от_pr	1.7741117910543203	9.0	1970426	3.0	1165252
вестись_v на_pr	1.7741117910543203	9.0	1970426	3.0	1165252
вноситься_v в_pr	1.7741117910543203	9.0	1970426	3.0	1165252
судить_v о_pr	1.7741117910543203	18.0	1970426	6.0	1165252
организовать_partcp в_pr	1.7741117910543203	9.0	1970426	3.0	1165252
вовлечь_v в_pr	1.7741117910543203	6.0	1970426	2.0	1165252
воплощаться_v в_pr	1.7741117910543203	9.0	1970426	3.0	1165252
вывести_v из_pr	1.7741117910543203	6.0	1970426	2.0	1165252
прибегнуть_v к_pr	1.7741117910543203	12.0	1970426	4.0	1165252
взять_partcp на_pr	1.77411179105432	15.0	1970426	5.0	1165252
приравнять_partcp к_pr	1.77411179105432	15.0	1970426	5.0	1165252
иметь_v в_pr	1.77411179105432	57.0	1970426	19.0	1165252
представлять_v в_pr	1.77411179105432	15.0	1970426	5.0	1165252
выступать_v в_pr	1.7359588493112166	91.0	1970426	31.0	1165252
переходить_v к_pr	1.7286217451298505	38.0	1970426	13.0	1165252
стремиться_v к_pr	1.7084039469411973	78.0	1970426	27.0	1165252
достигнуть_partcp в_pr	1.7084039469411973	26.0	1970426	9.0	1165252
проводиться_v по_pr	1.6558376716506988	14.0	1970426	5.0	1165252
заключать_v в_pr	1.6558376716506988	14.0	1970426	5.0	1165252
жить_partcp на_pr	1.6558376716506988	14.0	1970426	5.0	1165252
использовать_v в_pr	1.647389520264726	39.0	1970426	14.0	1165252
встречаться_v в_pr	1.6426961028280744	50.0	1970426	18.0	1165252
исходить_v от_pr	1.6262691417997936	11.0	1970426	4.0	1165252
бороться_partcp за_pr	1.6262691417997936	11.0	1970426	4.0	1165252
находиться_partcp на_pr	1.6262691417997934	77.0	1970426	28.0	1165252
мочь_v в_pr	1.6164129651828252	41.0	1970426	15.0	1165252
отразиться_v на_pr	1.6051487633348611	19.0	1970426	7.0	1165252
создать_partcp на_pr	1.5967006119488882	27.0	1970426	10.0	1165252
следовать_v в_pr	1.5769882587149515	8.0	1970426	3.0	1165252
построить_partcp по_pr	1.5769882587149515	16.0	1970426	6.0	1165252
говорить_partcp о_pr	1.5769882587149515	8.0	1970426	3.0	1165252
разделить_partcp на_pr	1.5769882587149515	24.0	1970426	9.0	1165252
обратить_partcp к_pr	1.5769882587149515	16.0	1970426	6.0	1165252
ставить_v перед_pr	1.5769882587149515	24.0	1970426	9.0	1165252
сохранять_v за_pr	1.5769882587149515	8.0	1970426	3.0	1165252
тяготеть_v к_pr	1.5375635522470774	13.0	1970426	5.0	1165252
вызывать_v в_pr	1.5375635522470774	13.0	1970426	5.0	1165252
отходить_v от_pr	1.5375635522470774	13.0	1970426	5.0	1165252
иметь_v для_pr	1.5375635522470774	13.0	1970426	5.0	1165252
вступать_v в_pr	1.5206672494751317	90.0	1970426	35.0	1165252
состоять_v из_pr	1.5169941401768825	177.0	1970426	69.0	1165252
совпадать_v с_pr	1.5030669340876879	61.0	1970426	24.0	1165252
стать_v по_pr	1.4784264925452668	5.0	1970426	2.0	1165252
распространить_partcp на_pr	1.4784264925452668	5.0	1970426	2.0	1165252
решаться_v на_pr	1.4784264925452668	5.0	1970426	2.0	1165252
принимать_v на_pr	1.4784264925452668	5.0	1970426	2.0	1165252
сформулировать_partcp на_pr	1.4784264925452668	5.0	1970426	2.0	1165252
существовать_partcp до_pr	1.4784264925452668	5.0	1970426	2.0	1165252
приобретать_v в_pr	1.4784264925452668	5.0	1970426	2.0	1165252
вестись_v по_pr	1.4784264925452668	5.0	1970426	2.0	1165252
подразумевать_v под_pr	1.4784264925452668	5.0	1970426	2.0	1165252
отличаться_v по_pr	1.4784264925452668	5.0	1970426	2.0	1165252
определять_partcp в_pr	1.4784264925452668	5.0	1970426	2.0	1165252
вписываться_partcp в_pr	1.4784264925452668	5.0	1970426	2.0	1165252
вникать_v в_pr	1.4784264925452668	5.0	1970426	2.0	1165252
видеть_v из_pr	1.4784264925452668	5.0	1970426	2.0	1165252
исходить_partcp из_pr	1.4784264925452668	10.0	1970426	4.0	1165252
примыкать_v к_pr	1.4784264925452668	10.0	1970426	4.0	1165252
наблюдать_partcp в_pr	1.4784264925452668	10.0	1970426	4.0	1165252
переноситься_v на_pr	1.4784264925452668	10.0	1970426	4.0	1165252
зародиться_v в_pr	1.4784264925452668	10.0	1970426	4.0	1165252
утверждаться_v в_pr	1.4784264925452668	5.0	1970426	2.0	1165252
выступать_partcp в_pr	1.4784264925452668	20.0	1970426	8.0	1165252
прибегать_v к_pr	1.4784264925452668	35.0	1970426	14.0	1165252
нуждаться_v в_pr	1.4694663319843864	82.0	1970426	33.0	1165252
поставить_partcp в_pr	1.455681469583032	32.0	1970426	13.0	1165252
сократиться_v на_pr	1.4515460108626257	27.0	1970426	11.0	1165252
переходить_v в_pr	1.436185735615402	34.0	1970426	14.0	1165252
объединять_v в_pr	1.419289432843456	12.0	1970426	5.0	1165252
происходить_v в_pr	1.3897209029925508	94.0	1970426	40.0	1165252
иметь_v при_pr	1.3798647263755826	7.0	1970426	3.0	1165252
стоять_v перед_pr	1.3798647263755826	14.0	1970426	6.0	1165252
перемещаться_v в_pr	1.3798647263755826	7.0	1970426	3.0	1165252
произойти_v от_pr	1.3798647263755826	7.0	1970426	3.0	1165252
храниться_partcp в_pr	1.3798647263755826	14.0	1970426	6.0	1165252
усомниться_v в_pr	1.3798647263755826	7.0	1970426	3.0	1165252
воплотиться_v в_pr	1.3798647263755826	7.0	1970426	3.0	1165252
воплотить_partcp в_pr	1.3798647263755826	7.0	1970426	3.0	1165252
поступать_v в_pr	1.3798647263755826	21.0	1970426	9.0	1165252
получить_partcp из_pr	1.3798647263755826	7.0	1970426	3.0	1165252
повлечь_partcp за_pr	1.3798647263755826	7.0	1970426	3.0	1165252
вписываться_v в_pr	1.3798647263755826	7.0	1970426	3.0	1165252
давать_v в_pr	1.3798647263755826	7.0	1970426	3.0	1165252
выходить_partcp за_pr	1.3601523731416454	23.0	1970426	10.0	1165252
выходить_v за_pr	1.3601523731416454	46.0	1970426	20.0	1165252
сталкиваться_v с_pr	1.3566737225709509	39.0	1970426	17.0	1165252
брать_v на_pr	1.3566737225709509	39.0	1970426	17.0	1165252
идти_v об_pr	1.3517042217556727	32.0	1970426	14.0	1165252
отличаться_partcp от_pr	1.3440240841320608	25.0	1970426	11.0	1165252
создать_partcp в_pr	1.3348079189837265	79.0	1970426	35.0	1165252
проводиться_partcp в_pr	1.3305838432907402	9.0	1970426	4.0	1165252
вывести_partcp из_pr	1.3305838432907402	9.0	1970426	4.0	1165252
оставить_partcp без_pr	1.3305838432907402	9.0	1970426	4.0	1165252
выделяться_v в_pr	1.3010153134398348	11.0	1970426	5.0	1165252
соглашаться_v с_pr	1.3010153134398348	11.0	1970426	5.0	1165252
оказываться_v на_pr	1.3010153134398348	11.0	1970426	5.0	1165252
указываться_v в_pr	1.3010153134398348	11.0	1970426	5.0	1165252
встречаться_partcp в_pr	1.3010153134398348	11.0	1970426	5.0	1165252
последовать_partcp за_pr	1.3010153134398348	11.0	1970426	5.0	1165252
выйти_partcp из_pr	1.3010153134398348	11.0	1970426	5.0	1165252
образовать_partcp в_pr	1.3010153134398348	11.0	1970426	5.0	1165252
получать_v от_pr	1.2902631207667783	24.0	1970426	11.0	1165252
изложить_partcp в_pr	1.2871007111570558	37.0	1970426	17.0	1165252
лечь_v в_pr	1.281302960205898	26.0	1970426	12.0	1165252
адаптироваться_v к_pr	1.281302960205898	13.0	1970426	6.0	1165252
занимать_v в_pr	1.281302960205898	13.0	1970426	6.0	1165252
поступить_partcp в_pr	1.267222707895943	15.0	1970426	7.0	1165252
отказать_v в_pr	1.267222707895943	15.0	1970426	7.0	1165252
искать_v в_pr	1.267222707895943	15.0	1970426	7.0	1165252
привести_partcp к_pr	1.267222707895943	30.0	1970426	14.0	1165252
освободить_partcp от_pr	1.256662518663477	17.0	1970426	8.0	1165252
указывать_v на_pr	1.256662518663477	136.0	1970426	64.0	1165252
повлиять_v на_pr	1.230050841797662	52.0	1970426	25.0	1165252
нести_v в_pr	1.2282312399606832	27.0	1970426	13.0	1165252
ввести_partcp в_pr	1.2123097238871188	41.0	1970426	20.0	1165252
приводить_partcp в_pr	1.1827411940362136	6.0	1970426	3.0	1165252
назвать_partcp в_pr	1.1827411940362136	12.0	1970426	6.0	1165252
присутствовать_partcp в_pr	1.1827411940362136	6.0	1970426	3.0	1165252
лежать_v в_pr	1.1827411940362136	58.0	1970426	29.0	1165252
сократиться_v до_pr	1.1827411940362136	6.0	1970426	3.0	1165252
защитить_partcp от_pr	1.1827411940362136	6.0	1970426	3.0	1165252
говориться_v о_pr	1.1827411940362136	30.0	1970426	15.0	1165252
наблюдать_v в_pr	1.1827411940362136	6.0	1970426	3.0	1165252
оставлять_v в_pr	1.1827411940362136	8.0	1970426	4.0	1165252
реализовать_partcp на_pr	1.1827411940362136	6.0	1970426	3.0	1165252
оформить_partcp в_pr	1.1827411940362136	8.0	1970426	4.0	1165252
упомянуть_partcp в_pr	1.1827411940362136	8.0	1970426	4.0	1165252
отделить_partcp от_pr	1.1827411940362136	8.0	1970426	4.0	1165252
рассчитать_partcp по_pr	1.1827411940362136	8.0	1970426	4.0	1165252
вызывать_v к_pr	1.1827411940362136	6.0	1970426	3.0	1165252
включить_partcp в_pr	1.1827411940362136	70.0	1970426	35.0	1165252
отвечать_partcp за_pr	1.1827411940362134	14.0	1970426	7.0	1165252
вкладывать_v в_pr	1.1827411940362134	10.0	1970426	5.0	1165252
включиться_v в_pr	1.1827411940362134	10.0	1970426	5.0	1165252
происходить_v с_pr	1.1827411940362134	10.0	1970426	5.0	1165252
сравнить_v с_pr	1.1827411940362134	10.0	1970426	5.0	1165252
взять_partcp в_pr	1.1827411940362134	14.0	1970426	7.0	1165252
приближаться_v к_pr	1.1827411940362134	20.0	1970426	10.0	1165252
проживать_partcp на_pr	1.1827411940362134	26.0	1970426	13.0	1165252
проживать_partcp в_pr	1.1570294289484697	45.0	1970426	23.0	1165252
требовать_v от_pr	1.1545806894163035	41.0	1970426	21.0	1165252
рассчитать_partcp на_pr	1.1498872719796522	35.0	1970426	18.0	1165252
вырасти_v в_pr	1.1498872719796522	35.0	1970426	18.0	1165252
зафиксировать_partcp в_pr	1.1433164875683397	29.0	1970426	15.0	1165252
внести_partcp в_pr	1.1405004371063487	27.0	1970426	14.0	1165252
ссылаться_v на_pr	1.1405004371063487	54.0	1970426	28.0	1165252
войти_partcp в_pr	1.1289802306709311	21.0	1970426	11.0	1165252
состоять_partcp из_pr	1.1264201847963937	80.0	1970426	42.0	1165252
проникать_v в_pr	1.1236041343344028	19.0	1970426	10.0	1165252
начинаться_v с_pr	1.1204916575079915	36.0	1970426	19.0	1165252
ставить_v под_pr	1.1170333499230907	17.0	1970426	9.0	1165252
включить_v в_pr	1.1170333499230907	17.0	1970426	9.0	1165252
приступать_v к_pr	1.1170333499230907	17.0	1970426	9.0	1165252
стоять_partcp на_pr	1.1088198694089502	15.0	1970426	8.0	1165252
специализироваться_partcp на_pr	1.1088198694089502	15.0	1970426	8.0	1165252
предъявлять_partcp к_pr	1.098259680176484	13.0	1970426	7.0	1165252
вызывать_v у_pr	1.098259680176484	13.0	1970426	7.0	1165252
перейти_v к_pr	1.0881218985133165	46.0	1970426	25.0	1165252
придтись_v на_pr	1.084179427866529	11.0	1970426	6.0	1165252
согласиться_v с_pr	1.0752192673056487	40.0	1970426	22.0	1165252
принимать_v в_pr	1.0752192673056487	20.0	1970426	11.0	1165252
выразиться_partcp в_pr	1.064467074632592	9.0	1970426	5.0	1165252
зарегистрировать_partcp в_pr	1.064467074632592	18.0	1970426	10.0	1165252
примыкать_partcp к_pr	1.064467074632592	9.0	1970426	5.0	1165252
достигнуть_v в_pr	1.064467074632592	9.0	1970426	5.0	1165252
расходиться_v с_pr	1.064467074632592	9.0	1970426	5.0	1165252
апеллировать_v к_pr	1.064467074632592	9.0	1970426	5.0	1165252
возникать_v у_pr	1.064467074632592	9.0	1970426	5.0	1165252
перевести_partcp на_pr	1.0560189232466193	25.0	1970426	14.0	1165252
обращаться_v в_pr	1.0560189232466193	25.0	1970426	14.0	1165252
издать_partcp в_pr	1.0513255058099678	16.0	1970426	9.0	1165252
снизиться_v на_pr	1.0462710562628041	23.0	1970426	13.0	1165252
отказываться_v от_pr	1.0462710562628041	46.0	1970426	26.0	1165252
остановиться_v на_pr	1.0435951712084237	30.0	1970426	17.0	1165252
заплатить_v за_pr	1.0348985447816867	7.0	1970426	4.0	1165252
ввести_v в_pr	1.0348985447816867	28.0	1970426	16.0	1165252
переходить_v из_pr	1.0348985447816867	7.0	1970426	4.0	1165252
ложиться_v на_pr	1.0348985447816867	7.0	1970426	4.0	1165252
быть_v из_pr	1.0348985447816867	7.0	1970426	4.0	1165252
следовать_v из_pr	1.0250423681647183	26.0	1970426	15.0	1165252
связывать_v с_pr	1.0250423681647183	26.0	1970426	15.0	1165252
входить_v в_pr	1.024229487618989	168.0	1970426	97.0	1165252
приходить_v к_pr	1.016418213624871	55.0	1970426	32.0	1165252
оставаться_v за_pr	1.0137781663167544	12.0	1970426	7.0	1165252
освободиться_v от_pr	1.0137781663167544	12.0	1970426	7.0	1165252
привлекать_v к_pr	1.0137781663167544	12.0	1970426	7.0	1165252
реагировать_v на_pr	1.0088086655014763	29.0	1970426	17.0	1165252
стать_v в_pr	1.0053300149307813	17.0	1970426	10.0	1165252
вводить_v в_pr	0.9856176616968446	15.0	1970426	9.0	1165252
укладываться_v в_pr	0.9856176616968446	15.0	1970426	9.0	1165252
создавать_partcp в_pr	0.9856176616968445	5.0	1970426	3.0	1165252
измениться_v в_pr	0.9856176616968445	10.0	1970426	6.0	1165252
сказать_v о_pr	0.9856176616968445	20.0	1970426	12.0	1165252
указать_partcp на_pr	0.9856176616968445	5.0	1970426	3.0	1165252
возложить_v на_pr	0.9856176616968445	5.0	1970426	3.0	1165252
описать_partcp в_pr	0.9856176616968445	20.0	1970426	12.0	1165252
сосредоточить_partcp на_pr	0.9856176616968445	10.0	1970426	6.0	1165252
свестись_v к_pr	0.9856176616968445	5.0	1970426	3.0	1165252
переводиться_v в_pr	0.9856176616968445	5.0	1970426	3.0	1165252
находиться_v между_pr	0.9856176616968445	5.0	1970426	3.0	1165252
предпринять_partcp в_pr	0.9856176616968445	10.0	1970426	6.0	1165252
существовать_v без_pr	0.9856176616968445	5.0	1970426	3.0	1165252
начать_v с_pr	0.9676973405750837	18.0	1970426	11.0	1165252
являться_v для_pr	0.9609772201544234	13.0	1970426	8.0	1165252
убедиться_v в_pr	0.9609772201544234	13.0	1970426	8.0	1165252
обсуждаться_v в_pr	0.9609772201544234	13.0	1970426	8.0	1165252
следовать_v за_pr	0.9461929552289708	16.0	1970426	10.0	1165252
полагаться_v на_pr	0.9461929552289708	8.0	1970426	5.0	1165252
переслать_v на_pr	0.9461929552289708	8.0	1970426	5.0	1165252
сформировать_partcp на_pr	0.9461929552289708	8.0	1970426	5.0	1165252
быть_v против_pr	0.9461929552289708	8.0	1970426	5.0	1165252
судить_v по_pr	0.9461929552289708	16.0	1970426	10.0	1165252
показать_partcp на_pr	0.9461929552289708	8.0	1970426	5.0	1165252
подготовить_partcp к_pr	0.9461929552289708	8.0	1970426	5.0	1165252
представить_partcp на_pr	0.9461929552289707	24.0	1970426	15.0	1165252
избавиться_v от_pr	0.9461929552289707	24.0	1970426	15.0	1165252
видеть_v в_pr	0.9461929552289707	56.0	1970426	35.0	1165252
работать_partcp в_pr	0.941812432288096	43.0	1970426	27.0	1165252
принадлежать_v к_pr	0.9380361194080314	46.0	1970426	29.0	1165252
обращать_v на_pr	0.9363367786120024	19.0	1970426	12.0	1165252
указать_v на_pr	0.9337430479233264	30.0	1970426	19.0	1165252
оказаться_partcp в_pr	0.9292966524570249	11.0	1970426	7.0	1165252
совпасть_v с_pr	0.9292966524570249	11.0	1970426	7.0	1165252
оставаться_v в_pr	0.926480601995034	47.0	1970426	30.0	1165252
проводиться_v на_pr	0.9139363772098014	17.0	1970426	11.0	1165252
находить_v в_pr	0.9139363772098014	17.0	1970426	11.0	1165252
использовать_v для_pr	0.9026182796592155	29.0	1970426	19.0	1165252
иметь_v по_pr	0.8870558955271601	6.0	1970426	4.0	1165252
распространиться_v на_pr	0.8870558955271601	12.0	1970426	8.0	1165252
получить_v в_pr	0.8870558955271601	36.0	1970426	24.0	1165252
создать_partcp для_pr	0.8870558955271601	18.0	1970426	12.0	1165252
произойти_partcp в_pr	0.8870558955271601	24.0	1970426	16.0	1165252
сближаться_v с_pr	0.8870558955271601	6.0	1970426	4.0	1165252
сотрудничать_v в_pr	0.8870558955271601	6.0	1970426	4.0	1165252
сомневаться_v в_pr	0.8870558955271601	12.0	1970426	8.0	1165252
выйти_v за_pr	0.8870558955271601	18.0	1970426	12.0	1165252
изучать_v в_pr	0.8870558955271601	6.0	1970426	4.0	1165252
совпадать_partcp с_pr	0.8870558955271601	9.0	1970426	6.0	1165252
отнестись_v к_pr	0.8870558955271601	9.0	1970426	6.0	1165252
поддерживать_v в_pr	0.8870558955271601	6.0	1970426	4.0	1165252
ставить_v в_pr	0.8870558955271601	6.0	1970426	4.0	1165252
проходить_v под_pr	0.8870558955271601	6.0	1970426	4.0	1165252
установить_partcp в_pr	0.8870558955271601	9.0	1970426	6.0	1165252
сделать_partcp на_pr	0.8870558955271601	9.0	1970426	6.0	1165252
дать_v в_pr	0.8870558955271601	9.0	1970426	6.0	1165252
идти_v о_pr	0.8808957851415549	143.0	1970426	96.0	1165252
начинать_v с_pr	0.8771997189101918	89.0	1970426	60.0	1165252
ответить_v на_pr	0.8643108725649252	38.0	1970426	26.0	1165252
говорить_v об_pr	0.8491475239234353	56.0	1970426	39.0	1165252
быть_v по_pr	0.8403687431309937	27.0	1970426	19.0	1165252
начаться_v с_pr	0.8348761369667389	24.0	1970426	17.0	1165252
продолжаться_v в_pr	0.8279188358253494	7.0	1970426	5.0	1165252
помогать_v в_pr	0.8279188358253494	7.0	1970426	5.0	1165252
оставаться_v без_pr	0.8279188358253494	7.0	1970426	5.0	1165252
переводиться_v на_pr	0.8279188358253494	7.0	1970426	5.0	1165252
поместить_partcp в_pr	0.8279188358253494	7.0	1970426	5.0	1165252
иметь_v на_pr	0.8279188358253494	7.0	1970426	5.0	1165252
зарегистрировать_partcp на_pr	0.8279188358253494	7.0	1970426	5.0	1165252
приобрести_v в_pr	0.8131345708998968	11.0	1970426	8.0	1165252
проходить_v через_pr	0.8131345708998968	11.0	1970426	8.0	1165252
выступать_v с_pr	0.8064144504792364	15.0	1970426	11.0	1165252
действовать_v на_pr	0.8000896312597915	23.0	1970426	17.0	1165252
проводиться_v в_pr	0.8000896312597915	23.0	1970426	17.0	1165252
идти_v на_pr	0.7991494554298739	50.0	1970426	37.0	1165252
возрасти_v до_pr	0.7884941293574758	8.0	1970426	6.0	1165252
пострадать_partcp от_pr	0.7884941293574758	8.0	1970426	6.0	1165252
опереться_v на_pr	0.7884941293574758	8.0	1970426	6.0	1165252
сравнивать_v с_pr	0.7884941293574758	12.0	1970426	9.0	1165252
положить_v в_pr	0.7884941293574758	8.0	1970426	6.0	1165252
идти_partcp в_pr	0.7884941293574758	8.0	1970426	6.0	1165252
привлечь_partcp к_pr	0.7884941293574756	20.0	1970426	15.0	1165252
переходить_v на_pr	0.7884941293574756	20.0	1970426	15.0	1165252
участвовать_v в_pr	0.7818119757188531	156.0	1970426	118.0	1165252
найти_v в_pr	0.778119206602772	25.0	1970426	19.0	1165252
находиться_v в_pr	0.7744138770475206	275.0	1970426	210.0	1165252
обозначить_partcp в_pr	0.7603336247375657	9.0	1970426	7.0	1165252
писать_v о_pr	0.7603336247375657	36.0	1970426	28.0	1165252
обходиться_v без_pr	0.7603336247375657	9.0	1970426	7.0	1165252
заинтересовать_partcp в_pr	0.752653487113954	42.0	1970426	33.0	1165252
обратиться_v к_pr	0.7490694228896019	76.0	1970426	60.0	1165252
настаивать_v на_pr	0.7462533724276109	53.0	1970426	42.0	1165252
превратиться_v в_pr	0.7436933265530736	83.0	1970426	66.0	1165252
перенести_partcp на_pr	0.7392132462726334	10.0	1970426	8.0	1165252
вступить_v на_pr	0.7392132462726334	5.0	1970426	4.0	1165252
оставлять_v за_pr	0.7392132462726334	5.0	1970426	4.0	1165252
справляться_v с_pr	0.7392132462726334	10.0	1970426	8.0	1165252
обратиться_v с_pr	0.727840734791516	16.0	1970426	13.0	1165252
взять_partcp из_pr	0.7227862852443527	11.0	1970426	9.0	1165252
платить_v за_pr	0.7227862852443527	11.0	1970426	9.0	1165252
опубликовать_partcp в_pr	0.7126773861500261	47.0	1970426	39.0	1165252
переслать_v к_pr	0.709644716421728	12.0	1970426	10.0	1165252
отразиться_v в_pr	0.709644716421728	6.0	1970426	5.0	1165252
преподавать_v в_pr	0.709644716421728	6.0	1970426	5.0	1165252
подниматься_v в_pr	0.709644716421728	6.0	1970426	5.0	1165252
составлять_v от_pr	0.709644716421728	6.0	1970426	5.0	1165252
писать_v об_pr	0.709644716421728	6.0	1970426	5.0	1165252
голосовать_v за_pr	0.6988925237486716	13.0	1970426	11.0	1165252
говорить_v в_pr	0.695730114138949	20.0	1970426	17.0	1165252
выполнить_partcp в_pr	0.6899323631877913	7.0	1970426	6.0	1165252
показать_partcp в_pr	0.6899323631877913	7.0	1970426	6.0	1165252
обращаться_v за_pr	0.6899323631877913	7.0	1970426	6.0	1165252
сообщаться_v о_pr	0.6899323631877913	7.0	1970426	6.0	1165252
оставаться_v на_pr	0.6899323631877913	14.0	1970426	12.0	1165252
относиться_v ко_pr	0.6899323631877913	7.0	1970426	6.0	1165252
отвечать_v за_pr	0.6823506888670462	15.0	1970426	13.0	1165252
прилегать_partcp к_pr	0.6758521108778364	8.0	1970426	7.0	1165252
быть_v во_pr	0.6758521108778364	8.0	1970426	7.0	1165252
быть_v при_pr	0.6758521108778364	8.0	1970426	7.0	1165252
внести_v в_pr	0.6702200099538543	17.0	1970426	15.0	1165252
переслать_v в_pr	0.6652919216453701	9.0	1970426	8.0	1165252
разобраться_v в_pr	0.6652919216453701	9.0	1970426	8.0	1165252
призывать_v к_pr	0.6609436084320016	19.0	1970426	17.0	1165252
поставить_v в_pr	0.6570784411312297	10.0	1970426	9.0	1165252
появиться_v в_pr	0.6553025534524966	41.0	1970426	37.0	1165252
сделать_partcp в_pr	0.6536201335463284	21.0	1970426	19.0	1165252
провести_partcp в_pr	0.6525468656751523	32.0	1970426	29.0	1165252
передать_partcp в_pr	0.6505076567199174	22.0	1970426	20.0	1165252
начать_partcp в_pr	0.6505076567199174	11.0	1970426	10.0	1165252
попадать_partcp в_pr	0.6505076567199174	11.0	1970426	10.0	1165252
обращаться_v к_pr	0.642350820898978	63.0	1970426	58.0	1165252
воздерживаться_v от_pr	0.640651480102949	13.0	1970426	12.0	1165252
выйти_partcp в_pr	0.640651480102949	13.0	1970426	12.0	1165252
направляться_v в_pr	0.640651480102949	13.0	1970426	12.0	1165252
говорить_v на_pr	0.6368606429425765	28.0	1970426	26.0	1165252
появиться_partcp в_pr	0.6336113539479715	15.0	1970426	14.0	1165252
ассоциироваться_v с_pr	0.6336113539479715	15.0	1970426	14.0	1165252
заявлять_v о_pr	0.6307953034859806	16.0	1970426	15.0	1165252
говорить_v о_pr	0.6297990112647707	295.0	1970426	277.0	1165252
жить_partcp в_pr	0.6160110385605279	25.0	1970426	24.0	1165252
рассчитывать_v на_pr	0.6141156199803416	27.0	1970426	26.0	1165252
оказаться_v в_pr	0.6036908177893173	49.0	1970426	48.0	1165252
продолжаться_v до_pr	0.5913705970181068	8.0	1970426	8.0	1165252
составлять_v около_pr	0.5913705970181068	23.0	1970426	23.0	1165252
создать_v для_pr	0.5913705970181068	6.0	1970426	6.0	1165252
сделать_partcp из_pr	0.5913705970181068	8.0	1970426	8.0	1165252
ожидать_v от_pr	0.5913705970181068	8.0	1970426	8.0	1165252
рассматривать_v в_pr	0.5913705970181068	6.0	1970426	6.0	1165252
передать_v в_pr	0.5913705970181068	9.0	1970426	9.0	1165252
пройти_v через_pr	0.5913705970181068	9.0	1970426	9.0	1165252
приводить_v в_pr	0.5913705970181068	12.0	1970426	12.0	1165252
начинаться_v в_pr	0.5913705970181067	7.0	1970426	7.0	1165252
родиться_partcp в_pr	0.5913705970181067	7.0	1970426	7.0	1165252
написать_partcp в_pr	0.5913705970181067	10.0	1970426	10.0	1165252
сообщать_v о_pr	0.5913705970181067	11.0	1970426	11.0	1165252
доводить_v до_pr	0.5913705970181067	5.0	1970426	5.0	1165252
выступать_v против_pr	0.5913705970181067	20.0	1970426	20.0	1165252
спорить_v с_pr	0.5913705970181067	5.0	1970426	5.0	1165252
стоять_partcp в_pr	0.5913705970181067	5.0	1970426	5.0	1165252
обратить_v на_pr	0.5913705970181067	7.0	1970426	7.0	1165252
знакомиться_v с_pr	0.5913705970181067	14.0	1970426	14.0	1165252
исключить_v из_pr	0.5913705970181067	7.0	1970426	7.0	1165252
проголосовать_v за_pr	0.5913705970181067	14.0	1970426	14.0	1165252
выступить_v в_pr	0.5913705970181067	14.0	1970426	14.0	1165252
приступить_v к_pr	0.5716582437841699	29.0	1970426	30.0	1165252
уходить_v в_pr	0.5644901153354656	21.0	1970426	22.0	1165252
работать_partcp на_pr	0.5632100923981969	20.0	1970426	21.0	1165252
прийти_v к_pr	0.5585166749615453	68.0	1970426	72.0	1165252
вступить_v в_pr	0.5529699089000478	72.0	1970426	77.0	1165252
подходить_v к_pr	0.549129840088242	26.0	1970426	28.0	1165252
находиться_v под_pr	0.5434216296923142	34.0	1970426	37.0	1165252
обнаружить_v в_pr	0.5420897139332645	11.0	1970426	12.0	1165252
отказаться_v от_pr	0.5370610523939949	89.0	1970426	98.0	1165252
сказать_partcp в_pr	0.532233537316296	9.0	1970426	10.0	1165252
бросаться_v в_pr	0.5256627529049839	8.0	1970426	9.0	1165252
взять_v на_pr	0.5192522315280936	36.0	1970426	41.0	1165252
перевести_partcp в_pr	0.5174492723908434	7.0	1970426	8.0	1165252
останавливаться_v на_pr	0.5174492723908434	7.0	1970426	8.0	1165252
стоять_v за_pr	0.5068890831583772	6.0	1970426	7.0	1165252
быть_v к_pr	0.5068890831583772	6.0	1970426	7.0	1165252
проводить_v в_pr	0.5068890831583772	12.0	1970426	14.0	1165252
быть_v в_pr	0.5048965946239495	181.0	1970426	212.0	1165252
рассказать_v о_pr	0.4928088308484223	35.0	1970426	42.0	1165252
храниться_v в_pr	0.4928088308484223	15.0	1970426	18.0	1165252
ознакомиться_v с_pr	0.49280883084842225	10.0	1970426	12.0	1165252
обойтись_v без_pr	0.49280883084842225	10.0	1970426	12.0	1165252
представать_v в_pr	0.49280883084842225	5.0	1970426	6.0	1165252
поставить_partcp на_pr	0.49280883084842225	5.0	1970426	6.0	1165252
увеличиться_v до_pr	0.49280883084842225	5.0	1970426	6.0	1165252
определиться_v с_pr	0.49280883084842225	5.0	1970426	6.0	1165252
произойти_v в_pr	0.4909491748829565	44.0	1970426	53.0	1165252
оцениваться_v в_pr	0.48701107989726433	14.0	1970426	17.0	1165252
бороться_v за_pr	0.48701107989726433	14.0	1970426	17.0	1165252
возвращаться_v к_pr	0.48384867028754186	18.0	1970426	22.0	1165252
присоединяться_v к_pr	0.48384867028754186	9.0	1970426	11.0	1165252
увеличиться_v на_pr	0.47872857853846734	17.0	1970426	21.0	1165252
идти_v в_pr	0.4769117717887958	25.0	1970426	31.0	1165252
принять_v во_pr	0.4730964776144854	8.0	1970426	10.0	1165252
написать_partcp на_pr	0.4730964776144854	8.0	1970426	10.0	1165252
отметить_partcp в_pr	0.4730964776144854	8.0	1970426	10.0	1165252
вырасти_v на_pr	0.465928349165781	26.0	1970426	33.0	1165252
обращаться_v с_pr	0.46464832622851243	11.0	1970426	14.0	1165252
привлечь_v к_pr	0.4522245741903169	13.0	1970426	17.0	1165252
выступить_v с_pr	0.4471338660380807	31.0	1970426	41.0	1165252
появляться_v в_pr	0.4435279477635801	27.0	1970426	36.0	1165252
упоминаться_v в_pr	0.44352794776358007	12.0	1970426	16.0	1165252
направить_v на_pr	0.44352794776358007	6.0	1970426	8.0	1165252
направить_partcp против_pr	0.44352794776358007	9.0	1970426	12.0	1165252
выходить_v на_pr	0.44352794776358007	24.0	1970426	32.0	1165252
отреагировать_v на_pr	0.44352794776358007	9.0	1970426	12.0	1165252
высказаться_v за_pr	0.44352794776358007	6.0	1970426	8.0	1165252
приблизиться_v к_pr	0.44352794776358007	9.0	1970426	12.0	1165252
пребывать_v в_pr	0.44352794776358007	6.0	1970426	8.0	1165252
доходить_v до_pr	0.44352794776358007	12.0	1970426	16.0	1165252
заботиться_v о_pr	0.44352794776358	15.0	1970426	20.0	1165252
проникнуть_v в_pr	0.44352794776358	15.0	1970426	20.0	1165252
обратиться_v в_pr	0.4364878216086026	31.0	1970426	42.0	1165252
построить_partcp в_pr	0.4357467556975523	14.0	1970426	19.0	1165252
знать_v об_pr	0.4300877069222595	8.0	1970426	11.0	1165252
знать_v о_pr	0.4300877069222595	16.0	1970426	22.0	1165252
делать_v на_pr	0.42240756929864764	5.0	1970426	7.0	1165252
принять_v на_pr	0.42240756929864764	5.0	1970426	7.0	1165252
установить_v в_pr	0.42240756929864764	5.0	1970426	7.0	1165252
находиться_v на_pr	0.418887506221159	51.0	1970426	72.0	1165252
взглянуть_v на_pr	0.41614967938311215	19.0	1970426	27.0	1165252
располагаться_v в_pr	0.4139594179126747	7.0	1970426	10.0	1165252
жить_v по_pr	0.4139594179126747	7.0	1970426	10.0	1165252
встать_v на_pr	0.4113882414039004	16.0	1970426	23.0	1165252
происходить_v от_pr	0.4094104133202277	9.0	1970426	13.0	1165252
приходить_v в_pr	0.40784179104697016	20.0	1970426	29.0	1165252
служить_v в_pr	0.4065672854499484	11.0	1970426	16.0	1165252
идти_v по_pr	0.40004481562989574	23.0	1970426	34.0	1165252
отмечать_v в_pr	0.3942470646787379	6.0	1970426	9.0	1165252
сосредоточиться_v на_pr	0.3942470646787379	6.0	1970426	9.0	1165252
быть_v для_pr	0.39424706467873777	18.0	1970426	27.0	1165252
увидеть_v в_pr	0.3856764763161566	15.0	1970426	23.0	1165252
привести_v в_pr	0.382651562776422	11.0	1970426	17.0	1165252
составить_v около_pr	0.382651562776422	11.0	1970426	17.0	1165252
работать_v по_pr	0.38016681236878286	9.0	1970426	14.0	1165252
действовать_v с_pr	0.37632674355697704	7.0	1970426	11.0	1165252
оставить_v в_pr	0.37632674355697704	7.0	1970426	11.0	1165252
выходить_v из_pr	0.3723444499743635	17.0	1970426	27.0	1165252
выступить_v против_pr	0.3696066231363167	10.0	1970426	16.0	1165252
жить_v в_pr	0.3627072995044388	46.0	1970426	75.0	1165252
лежать_v на_pr	0.36139314262217637	11.0	1970426	18.0	1165252
перейти_v на_pr	0.35840642243521614	20.0	1970426	33.0	1165252
вернуться_v к_pr	0.357053945369423	32.0	1970426	53.0	1165252
отвечать_v на_pr	0.35482235821086405	30.0	1970426	50.0	1165252
делать_v в_pr	0.354822358210864	9.0	1970426	15.0	1165252
объявить_partcp о_pr	0.354822358210864	6.0	1970426	10.0	1165252
столкнуться_v с_pr	0.3516257603891445	22.0	1970426	37.0	1165252
писать_v в_pr	0.34496618159389564	14.0	1970426	24.0	1165252
произойти_v на_pr	0.34496618159389564	7.0	1970426	12.0	1165252
рассуждать_v о_pr	0.3379260554389182	8.0	1970426	14.0	1165252
предназначаться_v для_pr	0.33264596082268505	9.0	1970426	16.0	1165252
разместить_partcp на_pr	0.33264596082268505	9.0	1970426	16.0	1165252
поставить_v на_pr	0.33264596082268505	9.0	1970426	16.0	1165252
остаться_v без_pr	0.33264596082268505	9.0	1970426	16.0	1165252
договориться_v о_pr	0.33264596082268505	9.0	1970426	16.0	1165252
быть_v у_pr	0.33264596082268505	27.0	1970426	48.0	1165252
войти_v в_pr	0.3319975281505161	64.0	1970426	114.0	1165252
перенести_partcp в_pr	0.32853922056561485	5.0	1970426	9.0	1165252
проходить_partcp в_pr	0.32853922056561485	10.0	1970426	18.0	1165252
мечтать_v о_pr	0.32853922056561485	5.0	1970426	9.0	1165252
быть_v на_pr	0.3260119957920332	43.0	1970426	78.0	1165252
сделать_v в_pr	0.3225657801916946	6.0	1970426	11.0	1165252
сделать_v для_pr	0.3225657801916946	6.0	1970426	11.0	1165252
отойти_v от_pr	0.3225657801916946	6.0	1970426	11.0	1165252
перейти_v в_pr	0.3225657801916945	18.0	1970426	33.0	1165252
проходить_v в_pr	0.32139706359679715	25.0	1970426	46.0	1165252
быть_v с_pr	0.3196597821719495	20.0	1970426	37.0	1165252
подписать_partcp в_pr	0.31843032147128825	7.0	1970426	13.0	1165252
начаться_v в_pr	0.3075127104494155	26.0	1970426	50.0	1165252
выйти_v из_pr	0.3052235339448293	32.0	1970426	62.0	1165252
пойти_v на_pr	0.3036767930633521	38.0	1970426	74.0	1165252
забывать_v о_pr	0.2956852985090534	6.0	1970426	12.0	1165252
выходить_v в_pr	0.2956852985090534	8.0	1970426	16.0	1165252
попадать_v под_pr	0.2956852985090534	8.0	1970426	16.0	1165252
объявить_partcp в_pr	0.2956852985090534	6.0	1970426	12.0	1165252
отстранить_partcp от_pr	0.29568529850905334	7.0	1970426	14.0	1165252
оказаться_v на_pr	0.29568529850905334	10.0	1970426	20.0	1165252
идти_v с_pr	0.29568529850905334	7.0	1970426	14.0	1165252
попадать_v в_pr	0.29067368328008636	58.0	1970426	118.0	1165252
обнаружить_partcp в_pr	0.2782920456555797	8.0	1970426	17.0	1165252
проживать_v в_pr	0.27597294527511645	7.0	1970426	15.0	1165252
найти_partcp в_pr	0.27597294527511645	7.0	1970426	15.0	1165252
выйти_v на_pr	0.2752932089567049	27.0	1970426	58.0	1165252
присоединиться_v к_pr	0.274564920044121	13.0	1970426	28.0	1165252
работать_v на_pr	0.274564920044121	26.0	1970426	56.0	1165252
происходить_v из_pr	0.2729402755468185	6.0	1970426	13.0	1165252
быть_v до_pr	0.26880481682641216	5.0	1970426	11.0	1165252
направить_partcp в_pr	0.266116768658148	9.0	1970426	20.0	1165252
выступать_v на_pr	0.266116768658148	9.0	1970426	20.0	1165252
получить_v от_pr	0.2650971641805306	13.0	1970426	29.0	1165252
пойти_v в_pr	0.26020306268796695	11.0	1970426	25.0	1165252
заявить_v о_pr	0.25984465626553177	29.0	1970426	66.0	1165252
играть_v в_pr	0.2566325232342727	23.0	1970426	53.0	1165252
думать_v о_pr	0.2557278257375597	16.0	1970426	37.0	1165252
воздержаться_v от_pr	0.2534445415791886	6.0	1970426	14.0	1165252
прийти_v на_pr	0.25344454157918855	9.0	1970426	21.0	1165252
потребовать_v от_pr	0.24899814611288706	8.0	1970426	19.0	1165252
выступать_v за_pr	0.24899814611288706	16.0	1970426	38.0	1165252
стоять_v на_pr	0.24899814611288704	24.0	1970426	57.0	1165252
принять_v в_pr	0.24640441542421113	10.0	1970426	24.0	1165252
страдать_v от_pr	0.24640441542421113	5.0	1970426	12.0	1165252
отмечаться_v в_pr	0.24350553994863217	14.0	1970426	34.0	1165252
стоять_v в_pr	0.2365482388072427	10.0	1970426	25.0	1165252
назначить_partcp на_pr	0.23654823880724268	14.0	1970426	35.0	1165252
выпустить_partcp в_pr	0.23654823880724268	6.0	1970426	15.0	1165252
верить_v в_pr	0.22997745439593043	14.0	1970426	36.0	1165252
сослаться_v на_pr	0.22997745439593043	7.0	1970426	18.0	1165252
идти_v к_pr	0.2252840369592788	8.0	1970426	21.0	1165252
общаться_v с_pr	0.22431298507583358	11.0	1970426	29.0	1165252
следить_v за_pr	0.2234066699846181	17.0	1970426	45.0	1165252
готовиться_v к_pr	0.21965193603529679	13.0	1970426	35.0	1165252
справиться_v с_pr	0.2190261470437432	10.0	1970426	27.0	1165252
видеть_v на_pr	0.21120378464932382	5.0	1970426	14.0	1165252
остаться_v в_pr	0.20697970895633735	14.0	1970426	40.0	1165252
дойти_v до_pr	0.2056941207019502	8.0	1970426	23.0	1165252
возвращаться_v в_pr	0.20470520666011385	9.0	1970426	26.0	1165252
работать_v в_pr	0.20064359541685764	38.0	1970426	112.0	1165252
пойти_v по_pr	0.19712353233936894	8.0	1970426	24.0	1165252
держать_v в_pr	0.19712353233936894	8.0	1970426	24.0	1165252
состояться_v в_pr	0.19712353233936894	12.0	1970426	36.0	1165252
наблюдать_v за_pr	0.1971235323393689	7.0	1970426	21.0	1165252
работать_v с_pr	0.19712353233936888	13.0	1970426	39.0	1165252
учиться_v в_pr	0.18674860958466527	6.0	1970426	19.0	1165252
бороться_v с_pr	0.18480331156815835	10.0	1970426	32.0	1165252
перерасти_v в_pr	0.18480331156815835	5.0	1970426	16.0	1165252
зайти_v в_pr	0.17393252853473726	5.0	1970426	17.0	1165252
сотрудничать_v с_pr	0.17393252853473726	10.0	1970426	34.0	1165252
отправить_partcp в_pr	0.16896302771945906	6.0	1970426	21.0	1165252
познакомиться_v с_pr	0.16896302771945906	10.0	1970426	35.0	1165252
рассказывать_v о_pr	0.15562384132055437	10.0	1970426	38.0	1165252
выйти_v в_pr	0.15331830293062026	14.0	1970426	54.0	1165252
остаться_v на_pr	0.1478426492545267	6.0	1970426	24.0	1165252
подняться_v на_pr	0.14784264925452667	5.0	1970426	20.0	1165252
прийти_v в_pr	0.14307353153663874	15.0	1970426	62.0	1165252
уйти_v в_pr	0.13440240841320608	10.0	1970426	44.0	1165252
говорить_v с_pr	0.13141568822624594	6.0	1970426	27.0	1165252
подойти_v к_pr	0.12672227078959428	9.0	1970426	42.0	1165252
работать_v над_pr	0.12449907305644353	8.0	1970426	38.0	1165252
объявить_v о_pr	0.11088198694089502	9.0	1970426	48.0	1165252
умереть_v в_pr	0.10560189232466191	5.0	1970426	28.0	1165252
посмотреть_v на_pr	0.10374922754703626	10.0	1970426	57.0	1165252
пройти_v в_pr	0.09386834873303282	10.0	1970426	63.0	1165252
приговорить_partcp к_pr	0.09240165578407918	5.0	1970426	32.0	1165252
провести_v в_pr	0.07713529526323132	6.0	1970426	46.0	1165252
вернуться_v в_pr	0.07630588348620732	12.0	1970426	93.0	1165252
смотреть_v на_pr	0.06720120420660304	10.0	1970426	88.0	1165252
говориться_v в_pr	0.04865707443819865	13.0	1970426	158.0	1165252
