ngram	weird	freq_corp	size_corp	freq_ref	size_ref
управление_s в_pr	64.16370977646459	217.0	1970426	2.0	1165252
рф_s от_pr	34.8908652240683	118.0	1970426	2.0	1165252
конвенция_s о_pr	30.75127104494155	52.0	1970426	1.0	1165252
имущество_s в_pr	30.75127104494155	52.0	1970426	1.0	1165252
функция_s в_pr	29.272844552396283	99.0	1970426	2.0	1165252
закон_s от_pr	26.6116768658148	225.0	1970426	5.0	1165252
труд_s в_pr	23.851947413063638	121.0	1970426	3.0	1165252
регулирование_s в_pr	23.359138582215216	79.0	1970426	2.0	1165252
языкознание_s в_pr	22.472082686688058	38.0	1970426	1.0	1165252
иммунитет_s от_pr	22.472082686688058	38.0	1970426	1.0	1165252
субъект_s в_pr	21.88071208966995	37.0	1970426	1.0	1165252
общение_s в_pr	21.289341492651843	36.0	1970426	1.0	1165252
собственность_s в_pr	21.289341492651843	36.0	1970426	1.0	1165252
ознакомление_s с_pr	20.106600298615632	34.0	1970426	1.0	1165252
день_s со_pr	20.106600298615632	34.0	1970426	1.0	1165252
гражданин_s на_pr	18.33248850756131	62.0	1970426	2.0	1165252
согласный_s в_pr	18.33248850756131	31.0	1970426	1.0	1165252
допуск_s к_pr	18.33248850756131	31.0	1970426	1.0	1165252
функция_s по_pr	18.214214388157686	154.0	1970426	5.0	1165252
власть_s по_pr	17.741117910543203	30.0	1970426	1.0	1165252
спрос_s на_pr	17.687356947177918	329.0	1970426	11.0	1165252
тенденция_s в_pr	17.44543261203415	59.0	1970426	2.0	1165252
труд_s на_pr	17.44543261203415	59.0	1970426	2.0	1165252
поведение_s в_pr	17.149747313525097	29.0	1970426	1.0	1165252
представление_s в_pr	17.149747313525097	29.0	1970426	1.0	1165252
надзор_s в_pr	16.755500248846356	85.0	1970426	3.0	1165252
предложение_s на_pr	16.558376716506988	56.0	1970426	2.0	1165252
собственность_s на_pr	15.572759054810145	158.0	1970426	6.0	1165252
теория_s в_pr	15.375635522470775	26.0	1970426	1.0	1165252
знак_s для_pr	15.375635522470775	26.0	1970426	1.0	1165252
право_s в_pr	14.784264925452668	125.0	1970426	5.0	1165252
акт_s о_pr	14.488579626943617	49.0	1970426	2.0	1165252
продукция_s в_pr	13.838071970223696	117.0	1970426	5.0	1165252
анализ_s в_pr	13.601523731416457	23.0	1970426	1.0	1165252
торговля_s на_pr	13.601523731416457	23.0	1970426	1.0	1165252
государство_s с_pr	13.01015313439835	44.0	1970426	2.0	1165252
соотношение_s с_pr	12.418782537380242	21.0	1970426	1.0	1165252
зависимость_s между_pr	12.418782537380242	21.0	1970426	1.0	1165252
равновесие_s в_pr	12.418782537380242	21.0	1970426	1.0	1165252
доход_s на_pr	12.123097238871189	41.0	1970426	2.0	1165252
орган_s по_pr	12.024535472701503	61.0	1970426	3.0	1165252
передача_s в_pr	11.827411940362135	20.0	1970426	1.0	1165252
обращение_s за_pr	11.827411940362135	20.0	1970426	1.0	1165252
россия_s за_pr	11.827411940362135	20.0	1970426	1.0	1165252
производство_s с_pr	11.236041343344029	19.0	1970426	1.0	1165252
предложение_s в_pr	11.236041343344029	57.0	1970426	3.0	1165252
возникновение_s в_pr	11.236041343344029	19.0	1970426	1.0	1165252
характер_s в_pr	11.236041343344029	19.0	1970426	1.0	1165252
задача_s в_pr	11.236041343344029	38.0	1970426	2.0	1165252
экономика_s к_pr	11.236041343344029	19.0	1970426	1.0	1165252
отстранение_s от_pr	11.236041343344029	19.0	1970426	1.0	1165252
федерация_s в_pr	10.85971459978705	202.0	1970426	11.0	1165252
орган_s при_pr	10.644670746325922	18.0	1970426	1.0	1165252
конкуренция_s между_pr	10.644670746325922	18.0	1970426	1.0	1165252
операция_s с_pr	10.644670746325922	36.0	1970426	2.0	1165252
переворот_s в_pr	10.644670746325922	36.0	1970426	2.0	1165252
вес_s в_pr	10.644670746325922	18.0	1970426	1.0	1165252
отказ_s в_pr	10.496828097071395	71.0	1970426	4.0	1165252
договор_s в_pr	10.348985447816869	70.0	1970426	4.0	1165252
литература_s по_pr	10.053300149307816	17.0	1970426	1.0	1165252
понятие_s в_pr	10.053300149307816	17.0	1970426	1.0	1165252
фонд_s в_pr	10.053300149307816	17.0	1970426	1.0	1165252
товар_s по_pr	10.053300149307816	17.0	1970426	1.0	1165252
образование_s на_pr	10.053300149307816	17.0	1970426	1.0	1165252
деятельность_s с_pr	10.053300149307816	17.0	1970426	1.0	1165252
законность_s в_pr	10.053300149307816	17.0	1970426	1.0	1165252
соотношение_s между_pr	10.053300149307816	51.0	1970426	3.0	1165252
запись_s о_pr	10.053300149307816	17.0	1970426	1.0	1165252
лицо_s без_pr	9.935026029904193	84.0	1970426	5.0	1165252
отношение_s по_pr	9.856176616968446	50.0	1970426	3.0	1165252
орган_s в_pr	9.856176616968446	50.0	1970426	3.0	1165252
взаимодействие_s между_pr	9.757614850798761	33.0	1970426	2.0	1165252
стимул_s к_pr	9.757614850798761	33.0	1970426	2.0	1165252
уклонение_s от_pr	9.757614850798761	33.0	1970426	2.0	1165252
препятствие_s для_pr	9.757614850798761	33.0	1970426	2.0	1165252
расчет_s на_pr	9.659053084629077	98.0	1970426	6.0	1165252
хозяйство_s в_pr	9.546411066149437	113.0	1970426	7.0	1165252
процент_s на_pr	9.461929552289709	16.0	1970426	1.0	1165252
равновесие_s между_pr	9.461929552289709	16.0	1970426	1.0	1165252
социализм_s в_pr	9.461929552289709	16.0	1970426	1.0	1165252
состояние_s в_pr	9.461929552289709	16.0	1970426	1.0	1165252
производство_s по_pr	9.408168588924426	175.0	1970426	11.0	1165252
отношение_s в_pr	9.357570035168866	269.0	1970426	17.0	1165252
производство_s в_pr	9.330513864063462	142.0	1970426	9.0	1165252
полномочие_s в_pr	9.31408690303518	63.0	1970426	4.0	1165252
объединение_s в_pr	9.166244253780656	31.0	1970426	2.0	1165252
монополия_s на_pr	9.166244253780656	31.0	1970426	2.0	1165252
слово_s с_pr	9.067682487610972	92.0	1970426	6.0	1165252
налог_s с_pr	9.018401604526128	61.0	1970426	4.0	1165252
сохранение_s в_pr	8.870558955271601	15.0	1970426	1.0	1165252
посредник_s между_pr	8.870558955271601	15.0	1970426	1.0	1165252
значение_s для_pr	8.870558955271601	120.0	1970426	8.0	1165252
экономика_s с_pr	8.870558955271601	15.0	1970426	1.0	1165252
фактор_s в_pr	8.870558955271601	45.0	1970426	3.0	1165252
федерация_s при_pr	8.870558955271601	15.0	1970426	1.0	1165252
население_s с_pr	8.870558955271601	15.0	1970426	1.0	1165252
диалект_s в_pr	8.870558955271601	15.0	1970426	1.0	1165252
общество_s от_pr	8.870558955271601	15.0	1970426	1.0	1165252
ограничение_s в_pr	8.870558955271601	15.0	1970426	1.0	1165252
ответственность_s перед_pr	8.870558955271601	15.0	1970426	1.0	1165252
функционирование_s в_pr	8.870558955271601	15.0	1970426	1.0	1165252
условие_s в_pr	8.870558955271601	30.0	1970426	2.0	1165252
деятельность_s по_pr	8.363669872113224	99.0	1970426	7.0	1165252
оппозиция_s по_pr	8.279188358253494	14.0	1970426	1.0	1165252
документ_s об_pr	8.279188358253494	14.0	1970426	1.0	1165252
слог_s в_pr	8.279188358253494	14.0	1970426	1.0	1165252
гражданин_s с_pr	8.279188358253494	14.0	1970426	1.0	1165252
объяснение_s в_pr	8.279188358253494	14.0	1970426	1.0	1165252
идеология_s в_pr	8.279188358253494	14.0	1970426	1.0	1165252
преимущество_s в_pr	8.279188358253494	28.0	1970426	2.0	1165252
человек_s к_pr	8.279188358253494	70.0	1970426	5.0	1165252
технология_s для_pr	8.279188358253494	14.0	1970426	1.0	1165252
приспособление_s к_pr	8.279188358253494	14.0	1970426	1.0	1165252
капитал_s из_pr	8.279188358253494	14.0	1970426	1.0	1165252
соответствие_s между_pr	8.131345708998968	55.0	1970426	4.0	1165252
средство_s с_pr	7.983503059744442	27.0	1970426	2.0	1165252
расход_s в_pr	7.983503059744442	27.0	1970426	2.0	1165252
положение_s о_pr	7.9566225780618	148.0	1970426	11.0	1165252
освобождение_s от_pr	7.835660410489915	53.0	1970426	4.0	1165252
различие_s в_pr	7.733307807159856	170.0	1970426	13.0	1165252
обязанность_s в_pr	7.6878177612353875	13.0	1970426	1.0	1165252
соглашение_s в_pr	7.6878177612353875	13.0	1970426	1.0	1165252
договор_s по_pr	7.6878177612353875	13.0	1970426	1.0	1165252
необходимость_s для_pr	7.6878177612353875	13.0	1970426	1.0	1165252
мышление_s в_pr	7.6878177612353875	13.0	1970426	1.0	1165252
законодательство_s о_pr	7.6878177612353875	65.0	1970426	5.0	1165252
ориентация_s на_pr	7.6878177612353875	65.0	1970426	5.0	1165252
отрасль_s с_pr	7.6878177612353875	13.0	1970426	1.0	1165252
смысл_s в_pr	7.6878177612353875	13.0	1970426	1.0	1165252
норма_s о_pr	7.6878177612353875	26.0	1970426	2.0	1165252
ссср_s по_pr	7.6878177612353875	13.0	1970426	1.0	1165252
акцент_s в_pr	7.6878177612353875	13.0	1970426	1.0	1165252
неравенство_s в_pr	7.6878177612353875	13.0	1970426	1.0	1165252
сила_s для_pr	7.6878177612353875	26.0	1970426	2.0	1165252
приоритет_s в_pr	7.6878177612353875	13.0	1970426	1.0	1165252
стандарт_s в_pr	7.6878177612353875	13.0	1970426	1.0	1165252
роль_s при_pr	7.6878177612353875	13.0	1970426	1.0	1165252
государство_s для_pr	7.6878177612353875	13.0	1970426	1.0	1165252
гражданин_s в_pr	7.622109917122266	116.0	1970426	9.0	1165252
реформа_s в_pr	7.451269522428144	63.0	1970426	5.0	1165252
переход_s от_pr	7.29357069655665	148.0	1970426	12.0	1165252
потребность_s в_pr	7.257730054313129	135.0	1970426	11.0	1165252
экономика_s в_pr	7.227862852443527	110.0	1970426	9.0	1165252
деятельность_s на_pr	7.214721283620901	61.0	1970426	5.0	1165252
надзор_s за_pr	7.18092867807701	85.0	1970426	7.0	1165252
соответствие_s со_pr	7.170368488844545	97.0	1970426	8.0	1165252
закономерность_s в_pr	7.096447164217281	12.0	1970426	1.0	1165252
сила_s по_pr	7.096447164217281	12.0	1970426	1.0	1165252
фонема_s в_pr	7.096447164217281	36.0	1970426	3.0	1165252
продукция_s на_pr	7.09644716421728	60.0	1970426	5.0	1165252
различие_s между_pr	6.992087647096438	201.0	1970426	17.0	1165252
контроль_s за_pr	6.855518402469164	313.0	1970426	27.0	1165252
бумага_s в_pr	6.800761865708228	23.0	1970426	2.0	1165252
система_s на_pr	6.800761865708228	23.0	1970426	2.0	1165252
налог_s в_pr	6.800761865708228	23.0	1970426	2.0	1165252
полномочие_s по_pr	6.741624806006417	57.0	1970426	5.0	1165252
масса_s в_pr	6.702200099538543	34.0	1970426	3.0	1165252
вопрос_s для_pr	6.702200099538543	68.0	1970426	6.0	1165252
противоречие_s с_pr	6.702200099538543	34.0	1970426	3.0	1165252
взаимосвязь_s между_pr	6.702200099538543	34.0	1970426	3.0	1165252
гражданин_s по_pr	6.702200099538543	34.0	1970426	3.0	1165252
опора_s на_pr	6.652919216453701	45.0	1970426	4.0	1165252
федерация_s на_pr	6.652919216453701	45.0	1970426	4.0	1165252
оон_s о_pr	6.505076567199175	11.0	1970426	1.0	1165252
правление_s в_pr	6.505076567199175	11.0	1970426	1.0	1165252
средство_s при_pr	6.505076567199175	11.0	1970426	1.0	1165252
справедливость_s в_pr	6.505076567199175	11.0	1970426	1.0	1165252
товар_s из_pr	6.505076567199175	11.0	1970426	1.0	1165252
интерес_s на_pr	6.505076567199175	11.0	1970426	1.0	1165252
техника_s в_pr	6.505076567199175	11.0	1970426	1.0	1165252
связь_s на_pr	6.505076567199175	11.0	1970426	1.0	1165252
член_s в_pr	6.505076567199175	22.0	1970426	2.0	1165252
конкуренция_s в_pr	6.505076567199175	22.0	1970426	2.0	1165252
коммуникация_s с_pr	6.505076567199175	11.0	1970426	1.0	1165252
курс_s в_pr	6.505076567199175	11.0	1970426	1.0	1165252
расход_s по_pr	6.505076567199175	22.0	1970426	2.0	1165252
предложение_s с_pr	6.505076567199175	22.0	1970426	2.0	1165252
неопределенность_s в_pr	6.505076567199175	11.0	1970426	1.0	1165252
получение_s от_pr	6.505076567199175	11.0	1970426	1.0	1165252
отклонение_s от_pr	6.505076567199175	44.0	1970426	4.0	1165252
переход_s к_pr	6.505076567199174	209.0	1970426	19.0	1165252
государство_s на_pr	6.505076567199174	77.0	1970426	7.0	1165252
воздействие_s на_pr	6.402229506848199	249.0	1970426	23.0	1165252
ресурс_s в_pr	6.386802447795553	108.0	1970426	10.0	1165252
противоречие_s между_pr	6.357233917944648	86.0	1970426	8.0	1165252
этап_s в_pr	6.357233917944648	43.0	1970426	4.0	1165252
институт_s в_pr	6.307953034859806	32.0	1970426	3.0	1165252
дело_s об_pr	6.300371360539059	277.0	1970426	26.0	1165252
гипотеза_s о_pr	6.268528328391931	53.0	1970426	5.0	1165252
бумага_s на_pr	6.209391268690121	21.0	1970426	2.0	1165252
формирование_s в_pr	6.209391268690121	21.0	1970426	2.0	1165252
система_s в_pr	6.110829502520437	124.0	1970426	12.0	1165252
норма_s в_pr	6.110829502520437	31.0	1970426	3.0	1165252
затрата_s на_pr	6.110829502520437	186.0	1970426	18.0	1165252
деятельность_s в_pr	6.101869341959556	227.0	1970426	22.0	1165252
тенденция_s к_pr	6.0956661538789465	134.0	1970426	13.0	1165252
требование_s к_pr	5.953130676648942	151.0	1970426	15.0	1165252
образ_s с_pr	5.913705970181067	10.0	1970426	1.0	1165252
эффект_s в_pr	5.913705970181067	10.0	1970426	1.0	1165252
язык_s к_pr	5.913705970181067	60.0	1970426	6.0	1165252
патент_s на_pr	5.913705970181067	10.0	1970426	1.0	1165252
речь_s с_pr	5.913705970181067	10.0	1970426	1.0	1165252
изъятие_s из_pr	5.913705970181067	10.0	1970426	1.0	1165252
подтверждение_s в_pr	5.913705970181067	10.0	1970426	1.0	1165252
форма_s для_pr	5.913705970181067	10.0	1970426	1.0	1165252
экспорт_s в_pr	5.913705970181067	10.0	1970426	1.0	1165252
знание_s об_pr	5.913705970181067	20.0	1970426	2.0	1165252
язык_s за_pr	5.913705970181067	10.0	1970426	1.0	1165252
метод_s для_pr	5.913705970181067	10.0	1970426	1.0	1165252
экономия_s в_pr	5.913705970181067	10.0	1970426	1.0	1165252
разрыв_s в_pr	5.913705970181067	10.0	1970426	1.0	1165252
доход_s в_pr	5.913705970181067	60.0	1970426	6.0	1165252
потребление_s в_pr	5.913705970181067	10.0	1970426	1.0	1165252
ответственность_s на_pr	5.913705970181067	10.0	1970426	1.0	1165252
дисциплина_s в_pr	5.913705970181067	20.0	1970426	2.0	1165252
распределение_s по_pr	5.913705970181067	10.0	1970426	1.0	1165252
потребитель_s на_pr	5.913705970181067	10.0	1970426	1.0	1165252
закон_s к_pr	5.913705970181067	10.0	1970426	1.0	1165252
закон_s для_pr	5.913705970181067	10.0	1970426	1.0	1165252
знание_s для_pr	5.913705970181067	10.0	1970426	1.0	1165252
изучение_s в_pr	5.913705970181067	10.0	1970426	1.0	1165252
акт_s на_pr	5.913705970181067	10.0	1970426	1.0	1165252
апелляция_s к_pr	5.913705970181067	10.0	1970426	1.0	1165252
десятилетие_s после_pr	5.913705970181067	10.0	1970426	1.0	1165252
подход_s в_pr	5.815144204011383	59.0	1970426	6.0	1165252
ресурс_s для_pr	5.795431850777446	49.0	1970426	5.0	1165252
данные_s в_pr	5.716582437841699	29.0	1970426	3.0	1165252
развитие_s в_pr	5.644901153354656	105.0	1970426	11.0	1165252
самоуправление_s в_pr	5.6180206716720145	38.0	1970426	4.0	1165252
наука_s о_pr	5.595275648709779	123.0	1970426	13.0	1165252
налог_s на_pr	5.595275648709779	123.0	1970426	13.0	1165252
экономика_s на_pr	5.51945890550233	28.0	1970426	3.0	1165252
элита_s в_pr	5.51945890550233	28.0	1970426	3.0	1165252
положение_s об_pr	5.51945890550233	28.0	1970426	3.0	1165252
включение_s в_pr	5.49129840088242	65.0	1970426	7.0	1165252
иск_s о_pr	5.4406094925665816	46.0	1970426	5.0	1165252
оплата_s за_pr	5.322335373162961	9.0	1970426	1.0	1165252
ссср_s с_pr	5.322335373162961	9.0	1970426	1.0	1165252
предоставление_s в_pr	5.322335373162961	9.0	1970426	1.0	1165252
правительство_s с_pr	5.322335373162961	9.0	1970426	1.0	1165252
поворот_s к_pr	5.322335373162961	9.0	1970426	1.0	1165252
интерес_s при_pr	5.322335373162961	9.0	1970426	1.0	1165252
случай_s для_pr	5.322335373162961	9.0	1970426	1.0	1165252
ситуация_s для_pr	5.322335373162961	9.0	1970426	1.0	1165252
доступность_s для_pr	5.322335373162961	9.0	1970426	1.0	1165252
зрение_s в_pr	5.322335373162961	9.0	1970426	1.0	1165252
орган_s с_pr	5.322335373162961	9.0	1970426	1.0	1165252
судно_s для_pr	5.322335373162961	9.0	1970426	1.0	1165252
деление_s на_pr	5.322335373162961	9.0	1970426	1.0	1165252
расчет_s в_pr	5.322335373162961	9.0	1970426	1.0	1165252
выбор_s из_pr	5.322335373162961	9.0	1970426	1.0	1165252
государство_s к_pr	5.322335373162961	18.0	1970426	2.0	1165252
земля_s для_pr	5.322335373162961	9.0	1970426	1.0	1165252
экономика_s от_pr	5.322335373162961	9.0	1970426	1.0	1165252
соперничество_s между_pr	5.322335373162961	9.0	1970426	1.0	1165252
поступление_s от_pr	5.322335373162961	18.0	1970426	2.0	1165252
акт_s об_pr	5.322335373162961	9.0	1970426	1.0	1165252
территория_s от_pr	5.322335373162961	9.0	1970426	1.0	1165252
государство_s над_pr	5.322335373162961	9.0	1970426	1.0	1165252
государство_s о_pr	5.322335373162961	9.0	1970426	1.0	1165252
базис_s для_pr	5.322335373162961	9.0	1970426	1.0	1165252
вмешательство_s во_pr	5.322335373162961	9.0	1970426	1.0	1165252
государство_s в_pr	5.303855042006145	287.0	1970426	32.0	1165252
служба_s по_pr	5.214813446432396	194.0	1970426	22.0	1165252
зависимость_s от_pr	5.213917430376307	529.0	1970426	60.0	1165252
политика_s в_pr	5.2096933546833215	185.0	1970426	21.0	1165252
язык_s для_pr	5.204061253759339	44.0	1970426	5.0	1165252
влияние_s на_pr	5.183929488754468	412.0	1970426	47.0	1165252
ограничение_s на_pr	5.125211840823592	78.0	1970426	9.0	1165252
внедрение_s в_pr	5.125211840823592	26.0	1970426	3.0	1165252
внесение_s в_pr	5.085787134355718	43.0	1970426	5.0	1165252
необходимость_s в_pr	5.085787134355718	43.0	1970426	5.0	1165252
банк_s в_pr	5.026650074653908	17.0	1970426	2.0	1165252
постановление_s о_pr	5.026650074653908	68.0	1970426	8.0	1165252
слово_s по_pr	5.026650074653908	34.0	1970426	4.0	1165252
санкция_s за_pr	5.026650074653908	17.0	1970426	2.0	1165252
изменение_s на_pr	5.026650074653908	17.0	1970426	2.0	1165252
капитал_s на_pr	5.026650074653908	17.0	1970426	2.0	1165252
критерий_s для_pr	5.026650074653908	17.0	1970426	2.0	1165252
образ_s на_pr	5.026650074653908	17.0	1970426	2.0	1165252
эффект_s от_pr	5.026650074653908	17.0	1970426	2.0	1165252
применение_s в_pr	4.967513014952097	42.0	1970426	5.0	1165252
отношение_s на_pr	4.928088308484223	25.0	1970426	3.0	1165252
расход_s на_pr	4.904897304679591	141.0	1970426	17.0	1165252
исследование_s в_pr	4.8219448679937935	106.0	1970426	13.0	1165252
информация_s в_pr	4.7966726202579775	73.0	1970426	9.0	1165252
хранение_s в_pr	4.730964776144854	8.0	1970426	1.0	1165252
уведомление_s о_pr	4.730964776144854	16.0	1970426	2.0	1165252
цена_s с_pr	4.730964776144854	16.0	1970426	2.0	1165252
взаимодействие_s на_pr	4.730964776144854	8.0	1970426	1.0	1165252
отличие_s в_pr	4.730964776144854	8.0	1970426	1.0	1165252
сша_s во_pr	4.730964776144854	8.0	1970426	1.0	1165252
доход_s для_pr	4.730964776144854	8.0	1970426	1.0	1165252
имущество_s на_pr	4.730964776144854	8.0	1970426	1.0	1165252
исследование_s о_pr	4.730964776144854	8.0	1970426	1.0	1165252
заинтересованность_s в_pr	4.730964776144854	16.0	1970426	2.0	1165252
труд_s по_pr	4.730964776144854	24.0	1970426	3.0	1165252
язык_s из_pr	4.730964776144854	24.0	1970426	3.0	1165252
образование_s с_pr	4.730964776144854	8.0	1970426	1.0	1165252
знание_s в_pr	4.730964776144854	48.0	1970426	6.0	1165252
богатство_s в_pr	4.730964776144854	8.0	1970426	1.0	1165252
граница_s в_pr	4.730964776144854	16.0	1970426	2.0	1165252
занятие_s по_pr	4.730964776144854	8.0	1970426	1.0	1165252
мир_s после_pr	4.730964776144854	8.0	1970426	1.0	1165252
кадр_s в_pr	4.730964776144854	8.0	1970426	1.0	1165252
привлечение_s в_pr	4.730964776144854	8.0	1970426	1.0	1165252
форма_s к_pr	4.730964776144854	8.0	1970426	1.0	1165252
язык_s без_pr	4.730964776144854	16.0	1970426	2.0	1165252
определение_s в_pr	4.730964776144854	8.0	1970426	1.0	1165252
выступление_s против_pr	4.730964776144854	8.0	1970426	1.0	1165252
различие_s по_pr	4.730964776144854	8.0	1970426	1.0	1165252
сдача_s в_pr	4.730964776144854	8.0	1970426	1.0	1165252
защита_s в_pr	4.730964776144854	16.0	1970426	2.0	1165252
сочетание_s со_pr	4.730964776144854	8.0	1970426	1.0	1165252
спор_s по_pr	4.730964776144854	8.0	1970426	1.0	1165252
ввоз_s в_pr	4.730964776144854	8.0	1970426	1.0	1165252
язык_s от_pr	4.730964776144854	32.0	1970426	4.0	1165252
наука_s в_pr	4.730964776144854	72.0	1970426	9.0	1165252
предпосылка_s для_pr	4.7309647761448534	56.0	1970426	7.0	1165252
знание_s о_pr	4.677203812779571	87.0	1970426	11.0	1165252
общество_s на_pr	4.63240300997517	47.0	1970426	6.0	1165252
работник_s в_pr	4.583122126890328	31.0	1970426	4.0	1165252
лицо_s по_pr	4.533841243805486	23.0	1970426	3.0	1165252
язык_s по_pr	4.533841243805486	23.0	1970426	3.0	1165252
привлечение_s к_pr	4.533841243805486	46.0	1970426	6.0	1165252
цена_s в_pr	4.533841243805485	69.0	1970426	9.0	1165252
документ_s в_pr	4.477520234565666	53.0	1970426	7.0	1165252
общество_s в_pr	4.454991830869738	113.0	1970426	15.0	1165252
орган_s на_pr	4.435279477635801	15.0	1970426	2.0	1165252
платеж_s в_pr	4.435279477635801	15.0	1970426	2.0	1165252
продажа_s на_pr	4.435279477635801	15.0	1970426	2.0	1165252
трансформация_s в_pr	4.435279477635801	15.0	1970426	2.0	1165252
развитие_s с_pr	4.435279477635801	15.0	1970426	2.0	1165252
земля_s в_pr	4.435279477635801	75.0	1970426	10.0	1165252
группа_s с_pr	4.435279477635801	15.0	1970426	2.0	1165252
язык_s в_pr	4.4299033812992725	412.0	1970426	55.0	1165252
капитал_s в_pr	4.393038720705936	52.0	1970426	7.0	1165252
основание_s для_pr	4.381518514270518	163.0	1970426	22.0	1165252
заимствование_s из_pr	4.376142417933989	37.0	1970426	5.0	1165252
рекомендация_s по_pr	4.336717711466116	22.0	1970426	3.0	1165252
дополнение_s в_pr	4.336717711466116	22.0	1970426	3.0	1165252
согласование_s с_pr	4.336717711466116	22.0	1970426	3.0	1165252
обязанность_s по_pr	4.308557206846206	51.0	1970426	7.0	1165252
процент_s за_pr	4.287436828381274	29.0	1970426	4.0	1165252
данные_s по_pr	4.287436828381274	29.0	1970426	4.0	1165252
лингвистика_s в_pr	4.287436828381274	29.0	1970426	4.0	1165252
предположение_s о_pr	4.257868298530368	36.0	1970426	5.0	1165252
федерация_s по_pr	4.257868298530368	72.0	1970426	10.0	1165252
исключение_s из_pr	4.257868298530368	36.0	1970426	5.0	1165252
россия_s от_pr	4.257868298530368	36.0	1970426	5.0	1165252
основа_s для_pr	4.139594179126748	105.0	1970426	15.0	1165252
материал_s в_pr	4.139594179126748	21.0	1970426	3.0	1165252
действие_s с_pr	4.139594179126748	21.0	1970426	3.0	1165252
информация_s на_pr	4.139594179126748	21.0	1970426	3.0	1165252
потенциал_s для_pr	4.139594179126747	7.0	1970426	1.0	1165252
полномочие_s для_pr	4.139594179126747	7.0	1970426	1.0	1165252
подход_s с_pr	4.139594179126747	7.0	1970426	1.0	1165252
меньшинство_s в_pr	4.139594179126747	7.0	1970426	1.0	1165252
назначение_s в_pr	4.139594179126747	14.0	1970426	2.0	1165252
побуждение_s к_pr	4.139594179126747	7.0	1970426	1.0	1165252
назначение_s на_pr	4.139594179126747	49.0	1970426	7.0	1165252
взаимоотношения_s с_pr	4.139594179126747	7.0	1970426	1.0	1165252
общение_s между_pr	4.139594179126747	14.0	1970426	2.0	1165252
представление_s на_pr	4.139594179126747	7.0	1970426	1.0	1165252
важность_s для_pr	4.139594179126747	7.0	1970426	1.0	1165252
сторона_s при_pr	4.139594179126747	7.0	1970426	1.0	1165252
разбирательство_s по_pr	4.139594179126747	7.0	1970426	1.0	1165252
приток_s в_pr	4.139594179126747	7.0	1970426	1.0	1165252
простор_s для_pr	4.139594179126747	7.0	1970426	1.0	1165252
учебник_s по_pr	4.139594179126747	14.0	1970426	2.0	1165252
деятельность_s для_pr	4.139594179126747	7.0	1970426	1.0	1165252
разногласие_s между_pr	4.139594179126747	14.0	1970426	2.0	1165252
единица_s в_pr	4.139594179126747	35.0	1970426	5.0	1165252
аналогия_s между_pr	4.139594179126747	7.0	1970426	1.0	1165252
единство_s в_pr	4.139594179126747	7.0	1970426	1.0	1165252
ученый_s к_pr	4.139594179126747	7.0	1970426	1.0	1165252
последствие_s в_pr	4.139594179126747	7.0	1970426	1.0	1165252
тип_s с_pr	4.139594179126747	7.0	1970426	1.0	1165252
фундамент_s для_pr	4.139594179126747	7.0	1970426	1.0	1165252
рамка_s для_pr	4.139594179126747	7.0	1970426	1.0	1165252
структура_s на_pr	4.139594179126747	14.0	1970426	2.0	1165252
задача_s с_pr	4.139594179126747	7.0	1970426	1.0	1165252
мысль_s в_pr	4.139594179126747	28.0	1970426	4.0	1165252
продвижение_s в_pr	4.139594179126747	7.0	1970426	1.0	1165252
классификация_s по_pr	4.139594179126747	7.0	1970426	1.0	1165252
прогноз_s на_pr	4.139594179126747	7.0	1970426	1.0	1165252
право_s с_pr	4.139594179126747	14.0	1970426	2.0	1165252
структура_s для_pr	4.139594179126747	14.0	1970426	2.0	1165252
закон_s в_pr	4.139594179126747	49.0	1970426	7.0	1165252
деятельность_s без_pr	4.139594179126747	14.0	1970426	2.0	1165252
ссср_s в_pr	4.139594179126747	49.0	1970426	7.0	1165252
основа_s в_pr	4.139594179126747	14.0	1970426	2.0	1165252
формирование_s на_pr	4.139594179126747	7.0	1970426	1.0	1165252
ответчик_s в_pr	4.139594179126747	7.0	1970426	1.0	1165252
приложение_s к_pr	4.139594179126747	14.0	1970426	2.0	1165252
решение_s от_pr	4.139594179126747	7.0	1970426	1.0	1165252
процесс_s в_pr	4.104807673419799	118.0	1970426	17.0	1165252
отражение_s в_pr	4.0320722523961825	75.0	1970426	11.0	1165252
свидетельство_s о_pr	4.021320059723125	34.0	1970426	5.0	1165252
слово_s в_pr	4.010231861029037	217.0	1970426	32.0	1165252
сектор_s в_pr	3.991751529872221	27.0	1970426	4.0	1165252
существование_s в_pr	3.991751529872221	27.0	1970426	4.0	1165252
государство_s по_pr	3.991751529872221	27.0	1970426	4.0	1165252
способность_s к_pr	3.991751529872221	81.0	1970426	12.0	1165252
преобразование_s в_pr	3.9706311514072885	47.0	1970426	7.0	1165252
предприятие_s на_pr	3.942470646787378	20.0	1970426	3.0	1165252
рассмотрение_s в_pr	3.942470646787378	20.0	1970426	3.0	1165252
контроль_s в_pr	3.942470646787378	40.0	1970426	6.0	1165252
утверждение_s в_pr	3.942470646787378	20.0	1970426	3.0	1165252
использование_s в_pr	3.942470646787378	80.0	1970426	12.0	1165252
метод_s в_pr	3.942470646787378	20.0	1970426	3.0	1165252
разница_s между_pr	3.9245503256656176	73.0	1970426	11.0	1165252
право_s на_pr	3.9197256238251432	517.0	1970426	78.0	1165252
обращение_s в_pr	3.9178302052449574	53.0	1970426	8.0	1165252
предприятие_s в_pr	3.903045940319504	66.0	1970426	10.0	1165252
практика_s по_pr	3.8439088806176938	13.0	1970426	2.0	1165252
общество_s к_pr	3.8439088806176938	26.0	1970426	4.0	1165252
сопоставление_s с_pr	3.8439088806176938	13.0	1970426	2.0	1165252
дискуссия_s в_pr	3.8439088806176938	13.0	1970426	2.0	1165252
требование_s об_pr	3.8439088806176938	13.0	1970426	2.0	1165252
организация_s с_pr	3.8439088806176938	13.0	1970426	2.0	1165252
заключение_s о_pr	3.8439088806176938	13.0	1970426	2.0	1165252
идея_s об_pr	3.8439088806176938	13.0	1970426	2.0	1165252
мигрант_s в_pr	3.8439088806176938	26.0	1970426	4.0	1165252
власть_s для_pr	3.8439088806176938	13.0	1970426	2.0	1165252
рф_s с_pr	3.8439088806176938	13.0	1970426	2.0	1165252
лекция_s по_pr	3.8439088806176938	13.0	1970426	2.0	1165252
убеждение_s в_pr	3.8439088806176938	13.0	1970426	2.0	1165252
установление_s в_pr	3.8439088806176938	13.0	1970426	2.0	1165252
движение_s за_pr	3.8439088806176938	13.0	1970426	2.0	1165252
учение_s о_pr	3.8241965273837573	97.0	1970426	15.0	1165252
связь_s между_pr	3.8211638576554585	252.0	1970426	39.0	1165252
производство_s на_pr	3.769987555990431	51.0	1970426	8.0	1165252
конфликт_s между_pr	3.7453471144480095	95.0	1970426	15.0	1165252
отрасль_s в_pr	3.7453471144480095	19.0	1970426	3.0	1165252
представительство_s в_pr	3.7453471144480095	19.0	1970426	3.0	1165252
вмешательство_s в_pr	3.7453471144480095	76.0	1970426	12.0	1165252
режим_s в_pr	3.6960662313631674	50.0	1970426	8.0	1165252
язык_s во_pr	3.6960662313631674	25.0	1970426	4.0	1165252
кредит_s в_pr	3.6960662313631674	25.0	1970426	4.0	1165252
вывод_s о_pr	3.6557455088392055	136.0	1970426	22.0	1165252
структура_s в_pr	3.646785348278325	37.0	1970426	6.0	1165252
курс_s на_pr	3.622144906735904	49.0	1970426	8.0	1165252
подход_s к_pr	3.594605589717904	310.0	1970426	51.0	1165252
обязанность_s перед_pr	3.5482235821086405	6.0	1970426	1.0	1165252
структура_s к_pr	3.5482235821086405	6.0	1970426	1.0	1165252
институт_s на_pr	3.5482235821086405	6.0	1970426	1.0	1165252
явление_s на_pr	3.5482235821086405	6.0	1970426	1.0	1165252
москва_s от_pr	3.5482235821086405	6.0	1970426	1.0	1165252
взыскание_s с_pr	3.5482235821086405	6.0	1970426	1.0	1165252
проблема_s при_pr	3.5482235821086405	6.0	1970426	1.0	1165252
препятствие_s в_pr	3.5482235821086405	6.0	1970426	1.0	1165252
масса_s с_pr	3.5482235821086405	6.0	1970426	1.0	1165252
раздел_s в_pr	3.5482235821086405	6.0	1970426	1.0	1165252
материал_s с_pr	3.5482235821086405	6.0	1970426	1.0	1165252
глагол_s в_pr	3.5482235821086405	12.0	1970426	2.0	1165252
займ_s в_pr	3.5482235821086405	6.0	1970426	1.0	1165252
процент_s в_pr	3.5482235821086405	12.0	1970426	2.0	1165252
решение_s с_pr	3.5482235821086405	6.0	1970426	1.0	1165252
особенность_s в_pr	3.5482235821086405	12.0	1970426	2.0	1165252
рынок_s на_pr	3.5482235821086405	12.0	1970426	2.0	1165252
внимание_s в_pr	3.5482235821086405	24.0	1970426	4.0	1165252
суждение_s о_pr	3.5482235821086405	12.0	1970426	2.0	1165252
образование_s от_pr	3.5482235821086405	6.0	1970426	1.0	1165252
сталь_s в_pr	3.5482235821086405	12.0	1970426	2.0	1165252
отпечаток_s на_pr	3.5482235821086405	12.0	1970426	2.0	1165252
ответственность_s по_pr	3.5482235821086405	12.0	1970426	2.0	1165252
знание_s по_pr	3.5482235821086405	12.0	1970426	2.0	1165252
власть_s при_pr	3.5482235821086405	6.0	1970426	1.0	1165252
преобразование_s на_pr	3.5482235821086405	6.0	1970426	1.0	1165252
исключение_s в_pr	3.5482235821086405	6.0	1970426	1.0	1165252
избавление_s от_pr	3.5482235821086405	6.0	1970426	1.0	1165252
требование_s в_pr	3.5482235821086405	18.0	1970426	3.0	1165252
китай_s с_pr	3.5482235821086405	6.0	1970426	1.0	1165252
реализация_s на_pr	3.5482235821086405	12.0	1970426	2.0	1165252
позиция_s относительно_pr	3.5482235821086405	6.0	1970426	1.0	1165252
система_s к_pr	3.5482235821086405	12.0	1970426	2.0	1165252
база_s по_pr	3.5482235821086405	6.0	1970426	1.0	1165252
платеж_s за_pr	3.5482235821086405	12.0	1970426	2.0	1165252
законодательство_s об_pr	3.5482235821086405	18.0	1970426	3.0	1165252
вывод_s по_pr	3.5482235821086405	6.0	1970426	1.0	1165252
избиратель_s в_pr	3.5482235821086405	12.0	1970426	2.0	1165252
установка_s на_pr	3.54822358210864	30.0	1970426	5.0	1165252
контакт_s между_pr	3.54822358210864	30.0	1970426	5.0	1165252
должность_s в_pr	3.54822358210864	30.0	1970426	5.0	1165252
друг_s от_pr	3.54822358210864	120.0	1970426	20.0	1165252
плата_s за_pr	3.4890865224068293	59.0	1970426	10.0	1165252
акт_s в_pr	3.4743022574813773	47.0	1970426	8.0	1165252
язык_s на_pr	3.435581563629001	122.0	1970426	21.0	1165252
страна_s с_pr	3.435581563629001	122.0	1970426	21.0	1165252
разрыв_s между_pr	3.429949462705019	29.0	1970426	5.0	1165252
торговля_s в_pr	3.429949462705019	29.0	1970426	5.0	1165252
явление_s в_pr	3.429949462705019	58.0	1970426	10.0	1165252
действие_s на_pr	3.429949462705019	29.0	1970426	5.0	1165252
интерес_s для_pr	3.400380932854114	23.0	1970426	4.0	1165252
целое_s в_pr	3.400380932854114	23.0	1970426	4.0	1165252
слово_s из_pr	3.400380932854114	23.0	1970426	4.0	1165252
доход_s от_pr	3.351100049769272	102.0	1970426	18.0	1165252
власть_s к_pr	3.3511000497692716	17.0	1970426	3.0	1165252
воплощение_s в_pr	3.3511000497692716	17.0	1970426	3.0	1165252
средство_s из_pr	3.3511000497692716	17.0	1970426	3.0	1165252
рынок_s с_pr	3.3511000497692716	17.0	1970426	3.0	1165252
спор_s в_pr	3.3511000497692716	17.0	1970426	3.0	1165252
товар_s на_pr	3.3511000497692716	34.0	1970426	6.0	1165252
контроль_s над_pr	3.3412438731523033	113.0	1970426	20.0	1165252
революция_s в_pr	3.3116753433013977	56.0	1970426	10.0	1165252
сведение_s о_pr	3.3035185074804585	162.0	1970426	29.0	1165252
представление_s об_pr	3.30181916668443	67.0	1970426	12.0	1165252
мера_s в_pr	3.2525382835995873	22.0	1970426	4.0	1165252
ввп_s на_pr	3.2525382835995873	11.0	1970426	2.0	1165252
употребление_s в_pr	3.2525382835995873	22.0	1970426	4.0	1165252
нужда_s в_pr	3.2525382835995873	11.0	1970426	2.0	1165252
период_s в_pr	3.2525382835995873	44.0	1970426	8.0	1165252
акцент_s на_pr	3.2525382835995873	44.0	1970426	8.0	1165252
борьба_s на_pr	3.2525382835995873	11.0	1970426	2.0	1165252
роль_s на_pr	3.2525382835995873	11.0	1970426	2.0	1165252
познание_s в_pr	3.2525382835995873	11.0	1970426	2.0	1165252
группа_s на_pr	3.2525382835995873	11.0	1970426	2.0	1165252
среднее_s в_pr	3.2525382835995873	11.0	1970426	2.0	1165252
руководство_s в_pr	3.2525382835995873	11.0	1970426	2.0	1165252
сознание_s в_pr	3.2525382835995873	11.0	1970426	2.0	1165252
поиск_s по_pr	3.2525382835995873	11.0	1970426	2.0	1165252
поведение_s на_pr	3.2525382835995873	11.0	1970426	2.0	1165252
модель_s в_pr	3.2525382835995873	11.0	1970426	2.0	1165252
управление_s с_pr	3.2525382835995873	11.0	1970426	2.0	1165252
система_s по_pr	3.2525382835995873	22.0	1970426	4.0	1165252
высказывание_s на_pr	3.2525382835995873	11.0	1970426	2.0	1165252
отношение_s между_pr	3.2266009767128283	311.0	1970426	57.0	1165252
условие_s для_pr	3.2164791008545803	223.0	1970426	41.0	1165252
организация_s в_pr	3.2155776212859557	87.0	1970426	16.0	1165252
тезис_s о_pr	3.2102975266697222	38.0	1970426	7.0	1165252
значение_s в_pr	3.200358525039166	92.0	1970426	17.0	1165252
рост_s в_pr	3.1934012238977765	27.0	1970426	5.0	1165252
организация_s на_pr	3.1934012238977765	27.0	1970426	5.0	1165252
возможность_s в_pr	3.1934012238977765	27.0	1970426	5.0	1165252
указание_s на_pr	3.1868304394864646	97.0	1970426	18.0	1165252
элемент_s в_pr	3.178616958972324	43.0	1970426	8.0	1165252
представление_s о_pr	3.1579189880766907	267.0	1970426	50.0	1165252
реагирование_s на_pr	3.153976517429903	16.0	1970426	3.0	1165252
расчет_s с_pr	3.153976517429903	16.0	1970426	3.0	1165252
выгода_s от_pr	3.153976517429903	16.0	1970426	3.0	1165252
информация_s с_pr	3.153976517429903	16.0	1970426	3.0	1165252
выражение_s в_pr	3.1342641641959657	53.0	1970426	10.0	1165252
возможность_s для_pr	3.1181358751863812	116.0	1970426	22.0	1165252
слово_s к_pr	3.1046956343450605	21.0	1970426	4.0	1165252
взаимоотношение_s между_pr	3.1046956343450605	21.0	1970426	4.0	1165252
вхождение_s в_pr	3.1046956343450605	21.0	1970426	4.0	1165252
политика_s по_pr	3.1046956343450605	21.0	1970426	4.0	1165252
личность_s в_pr	3.1046956343450605	21.0	1970426	4.0	1165252
призыв_s к_pr	3.093323122863943	68.0	1970426	13.0	1165252
англия_s в_pr	3.075127104494155	26.0	1970426	5.0	1165252
противоречие_s в_pr	3.075127104494155	26.0	1970426	5.0	1165252
интерес_s в_pr	3.0643749118210986	57.0	1970426	11.0	1165252
дискуссия_s о_pr	2.956852985090534	45.0	1970426	9.0	1165252
техника_s на_pr	2.9568529850905336	10.0	1970426	2.0	1165252
слово_s при_pr	2.9568529850905336	10.0	1970426	2.0	1165252
род_s в_pr	2.9568529850905336	5.0	1970426	1.0	1165252
страна_s со_pr	2.9568529850905336	5.0	1970426	1.0	1165252
спрос_s в_pr	2.9568529850905336	15.0	1970426	3.0	1165252
разделение_s на_pr	2.9568529850905336	10.0	1970426	2.0	1165252
самостоятельность_s в_pr	2.9568529850905336	5.0	1970426	1.0	1165252
система_s при_pr	2.9568529850905336	5.0	1970426	1.0	1165252
случай_s от_pr	2.9568529850905336	5.0	1970426	1.0	1165252
содержание_s по_pr	2.9568529850905336	5.0	1970426	1.0	1165252
привязка_s к_pr	2.9568529850905336	5.0	1970426	1.0	1165252
строй_s в_pr	2.9568529850905336	5.0	1970426	1.0	1165252
сша_s при_pr	2.9568529850905336	5.0	1970426	1.0	1165252
система_s с_pr	2.9568529850905336	30.0	1970426	6.0	1165252
трудность_s на_pr	2.9568529850905336	5.0	1970426	1.0	1165252
пункт_s для_pr	2.9568529850905336	5.0	1970426	1.0	1165252
заключение_s на_pr	2.9568529850905336	5.0	1970426	1.0	1165252
политика_s за_pr	2.9568529850905336	5.0	1970426	1.0	1165252
страна_s от_pr	2.9568529850905336	10.0	1970426	2.0	1165252
диспропорция_s в_pr	2.9568529850905336	15.0	1970426	3.0	1165252
прибыль_s на_pr	2.9568529850905336	15.0	1970426	3.0	1165252
стратегия_s в_pr	2.9568529850905336	10.0	1970426	2.0	1165252
действительность_s в_pr	2.9568529850905336	10.0	1970426	2.0	1165252
уход_s от_pr	2.9568529850905336	10.0	1970426	2.0	1165252
использование_s для_pr	2.9568529850905336	10.0	1970426	2.0	1165252
величина_s в_pr	2.9568529850905336	5.0	1970426	1.0	1165252
корреляция_s между_pr	2.9568529850905336	20.0	1970426	4.0	1165252
источник_s для_pr	2.9568529850905336	20.0	1970426	4.0	1165252
наука_s на_pr	2.9568529850905336	10.0	1970426	2.0	1165252
вопрос_s от_pr	2.9568529850905336	5.0	1970426	1.0	1165252
аппарат_s в_pr	2.9568529850905336	10.0	1970426	2.0	1165252
документ_s из_pr	2.9568529850905336	5.0	1970426	1.0	1165252
линия_s на_pr	2.9568529850905336	5.0	1970426	1.0	1165252
орган_s о_pr	2.9568529850905336	10.0	1970426	2.0	1165252
активность_s в_pr	2.9568529850905336	20.0	1970426	4.0	1165252
значение_s с_pr	2.9568529850905336	10.0	1970426	2.0	1165252
валюта_s в_pr	2.9568529850905336	10.0	1970426	2.0	1165252
традиция_s в_pr	2.9568529850905336	20.0	1970426	4.0	1165252
аргумент_s против_pr	2.9568529850905336	5.0	1970426	1.0	1165252
выход_s за_pr	2.9568529850905336	5.0	1970426	1.0	1165252
отступление_s от_pr	2.9568529850905336	15.0	1970426	3.0	1165252
наличие_s у_pr	2.9030920217252514	54.0	1970426	11.0	1165252
население_s в_pr	2.8946034485623118	93.0	1970426	19.0	1165252
направление_s в_pr	2.8780035721547863	73.0	1970426	15.0	1165252
форма_s в_pr	2.872371471230804	34.0	1970426	7.0	1165252
база_s для_pr	2.872371471230804	34.0	1970426	7.0	1165252
стремление_s к_pr	2.863478680298201	92.0	1970426	19.0	1165252
жалоба_s на_pr	2.8582912189208494	29.0	1970426	6.0	1165252
требование_s о_pr	2.8582912189208494	29.0	1970426	6.0	1165252
обязательство_s по_pr	2.8582912189208494	29.0	1970426	6.0	1165252
категория_s в_pr	2.838578865686912	24.0	1970426	5.0	1165252
слово_s для_pr	2.838578865686912	24.0	1970426	5.0	1165252
сила_s на_pr	2.8090103358360072	19.0	1970426	4.0	1165252
информация_s по_pr	2.8090103358360072	19.0	1970426	4.0	1165252
сырье_s для_pr	2.8090103358360072	19.0	1970426	4.0	1165252
порядок_s в_pr	2.7794418059851016	47.0	1970426	10.0	1165252
статус_s в_pr	2.759729452751165	14.0	1970426	3.0	1165252
недостаток_s в_pr	2.759729452751165	14.0	1970426	3.0	1165252
решение_s по_pr	2.759729452751165	56.0	1970426	12.0	1165252
партия_s с_pr	2.759729452751165	14.0	1970426	3.0	1165252
общество_s по_pr	2.759729452751165	14.0	1970426	3.0	1165252
инновация_s в_pr	2.759729452751165	14.0	1970426	3.0	1165252
граница_s между_pr	2.759729452751165	56.0	1970426	12.0	1165252
сведение_s по_pr	2.759729452751165	14.0	1970426	3.0	1165252
изменение_s в_pr	2.755091251990238	396.0	1970426	85.0	1165252
средство_s в_pr	2.735089011208744	111.0	1970426	24.0	1165252
введение_s в_pr	2.726875530694604	83.0	1970426	18.0	1165252
идея_s о_pr	2.7203047462832908	69.0	1970426	15.0	1165252
интеграция_s в_pr	2.7203047462832908	46.0	1970426	10.0	1165252
протокол_s о_pr	2.7203047462832908	23.0	1970426	5.0	1165252
почва_s для_pr	2.7203047462832908	23.0	1970426	5.0	1165252
агентство_s по_pr	2.7078548389776467	87.0	1970426	19.0	1165252
мера_s по_pr	2.681796893454205	195.0	1970426	43.0	1165252
средство_s для_pr	2.6808800398154173	68.0	1970426	15.0	1165252
отход_s от_pr	2.6611676865814804	18.0	1970426	4.0	1165252
квота_s на_pr	2.6611676865814804	9.0	1970426	2.0	1165252
мнение_s относительно_pr	2.6611676865814804	9.0	1970426	2.0	1165252
объединение_s по_pr	2.6611676865814804	9.0	1970426	2.0	1165252
близость_s к_pr	2.6611676865814804	18.0	1970426	4.0	1165252
народ_s к_pr	2.6611676865814804	9.0	1970426	2.0	1165252
зрение_s на_pr	2.6611676865814804	27.0	1970426	6.0	1165252
средство_s через_pr	2.6611676865814804	9.0	1970426	2.0	1165252
принцип_s в_pr	2.6611676865814804	18.0	1970426	4.0	1165252
предписание_s о_pr	2.6611676865814804	9.0	1970426	2.0	1165252
склонность_s к_pr	2.6611676865814804	63.0	1970426	14.0	1165252
гражданин_s при_pr	2.6611676865814804	9.0	1970426	2.0	1165252
реализация_s в_pr	2.6611676865814804	18.0	1970426	4.0	1165252
притязание_s на_pr	2.6611676865814804	9.0	1970426	2.0	1165252
убежденность_s в_pr	2.6611676865814804	9.0	1970426	2.0	1165252
друг_s с_pr	2.66116768658148	171.0	1970426	38.0	1165252
лицо_s в_pr	2.6437744337280065	76.0	1970426	17.0	1165252
позиция_s в_pr	2.6020306268796696	88.0	1970426	20.0	1165252
общество_s с_pr	2.587246361954217	35.0	1970426	8.0	1165252
отличие_s от_pr	2.587246361954217	35.0	1970426	8.0	1165252
средство_s по_pr	2.562605920411796	13.0	1970426	3.0	1165252
преимущество_s перед_pr	2.562605920411796	13.0	1970426	3.0	1165252
исследование_s на_pr	2.562605920411796	13.0	1970426	3.0	1165252
соглашение_s между_pr	2.562605920411796	52.0	1970426	12.0	1165252
человечество_s в_pr	2.562605920411796	13.0	1970426	3.0	1165252
сведение_s об_pr	2.562605920411796	39.0	1970426	9.0	1165252
доля_s в_pr	2.562605920411796	39.0	1970426	9.0	1165252
власть_s с_pr	2.562605920411796	26.0	1970426	6.0	1165252
период_s на_pr	2.562605920411796	13.0	1970426	3.0	1165252
рынок_s для_pr	2.562605920411796	13.0	1970426	3.0	1165252
препятствие_s на_pr	2.562605920411796	13.0	1970426	3.0	1165252
доведение_s до_pr	2.562605920411796	13.0	1970426	3.0	1165252
университет_s в_pr	2.534445415791886	30.0	1970426	7.0	1165252
решение_s в_pr	2.521106229392981	81.0	1970426	19.0	1165252
отказ_s от_pr	2.51754911301994	149.0	1970426	35.0	1165252
место_s среди_pr	2.513325037326954	17.0	1970426	4.0	1165252
слово_s на_pr	2.496898076298673	38.0	1970426	9.0	1165252
закон_s о_pr	2.495583919416411	211.0	1970426	50.0	1165252
перевод_s на_pr	2.492204658862021	59.0	1970426	14.0	1165252
возврат_s к_pr	2.4837565074760484	21.0	1970426	5.0	1165252
партия_s в_pr	2.4640441542421114	50.0	1970426	12.0	1165252
пример_s из_pr	2.4640441542421114	25.0	1970426	6.0	1165252
последствие_s для_pr	2.4394037126996904	33.0	1970426	8.0	1165252
речь_s в_pr	2.4192433514377094	45.0	1970426	11.0	1165252
сочетание_s с_pr	2.4192433514377094	45.0	1970426	11.0	1165252
суд_s в_pr	2.4109724339968968	53.0	1970426	13.0	1165252
платеж_s по_pr	2.365482388072427	8.0	1970426	2.0	1165252
процедура_s в_pr	2.365482388072427	8.0	1970426	2.0	1165252
пространство_s на_pr	2.365482388072427	8.0	1970426	2.0	1165252
язык_s у_pr	2.365482388072427	12.0	1970426	3.0	1165252
предложение_s об_pr	2.365482388072427	8.0	1970426	2.0	1165252
основное_s на_pr	2.365482388072427	8.0	1970426	2.0	1165252
срок_s в_pr	2.365482388072427	16.0	1970426	4.0	1165252
упор_s на_pr	2.365482388072427	16.0	1970426	4.0	1165252
инвестиция_s на_pr	2.365482388072427	8.0	1970426	2.0	1165252
итог_s к_pr	2.365482388072427	8.0	1970426	2.0	1165252
информация_s для_pr	2.365482388072427	8.0	1970426	2.0	1165252
регистрация_s в_pr	2.365482388072427	16.0	1970426	4.0	1165252
население_s к_pr	2.365482388072427	16.0	1970426	4.0	1165252
задача_s для_pr	2.365482388072427	8.0	1970426	2.0	1165252
фактор_s при_pr	2.365482388072427	8.0	1970426	2.0	1165252
согласие_s с_pr	2.365482388072427	12.0	1970426	3.0	1165252
пособие_s по_pr	2.365482388072427	24.0	1970426	6.0	1165252
сша_s за_pr	2.365482388072427	8.0	1970426	2.0	1165252
потеря_s от_pr	2.365482388072427	12.0	1970426	3.0	1165252
формирование_s у_pr	2.365482388072427	8.0	1970426	2.0	1165252
ответственность_s в_pr	2.365482388072427	12.0	1970426	3.0	1165252
сотрудничество_s по_pr	2.365482388072427	12.0	1970426	3.0	1165252
расхождение_s между_pr	2.365482388072427	16.0	1970426	4.0	1165252
территория_s на_pr	2.365482388072427	8.0	1970426	2.0	1165252
звук_s на_pr	2.365482388072427	8.0	1970426	2.0	1165252
размещение_s на_pr	2.365482388072427	8.0	1970426	2.0	1165252
район_s с_pr	2.365482388072427	8.0	1970426	2.0	1165252
друг_s по_pr	2.365482388072427	16.0	1970426	4.0	1165252
нация_s в_pr	2.365482388072427	12.0	1970426	3.0	1165252
среда_s для_pr	2.365482388072427	8.0	1970426	2.0	1165252
ценность_s для_pr	2.365482388072427	8.0	1970426	2.0	1165252
нагрузка_s на_pr	2.365482388072427	12.0	1970426	3.0	1165252
автор_s в_pr	2.365482388072427	12.0	1970426	3.0	1165252
сделка_s с_pr	2.3654823880724267	40.0	1970426	10.0	1165252
принадлежность_s к_pr	2.3654823880724267	52.0	1970426	13.0	1165252
принятие_s в_pr	2.3654823880724267	20.0	1970426	5.0	1165252
напряженность_s в_pr	2.3654823880724267	20.0	1970426	5.0	1165252
объект_s в_pr	2.3654823880724267	28.0	1970426	7.0	1165252
предприятие_s с_pr	2.3654823880724267	20.0	1970426	5.0	1165252
взаимоотношение_s с_pr	2.3654823880724267	28.0	1970426	7.0	1165252
германия_s в_pr	2.3654823880724267	20.0	1970426	5.0	1165252
понятие_s о_pr	2.3654823880724267	28.0	1970426	7.0	1165252
прогресс_s в_pr	2.3306958823654798	67.0	1970426	17.0	1165252
взгляд_s на_pr	2.316201504987585	94.0	1970426	24.0	1165252
торговля_s с_pr	2.2997745439593045	35.0	1970426	9.0	1165252
роль_s в_pr	2.2857470266767272	344.0	1970426	89.0	1165252
служба_s в_pr	2.2848409430245034	85.0	1970426	22.0	1165252
лицо_s на_pr	2.2810008742126975	27.0	1970426	7.0	1165252
проблема_s в_pr	2.272108083280094	73.0	1970426	19.0	1165252
задача_s по_pr	2.266920621902743	23.0	1970426	6.0	1165252
власть_s в_pr	2.2669206219027425	207.0	1970426	54.0	1165252
язык_s с_pr	2.254600401131532	122.0	1970426	32.0	1165252
договор_s между_pr	2.2472082686688055	19.0	1970426	5.0	1165252
услуга_s в_pr	2.2472082686688055	57.0	1970426	15.0	1165252
связь_s со_pr	2.2340666998461813	34.0	1970426	9.0	1165252
борьба_s за_pr	2.232424003743353	151.0	1970426	40.0	1165252
компромисс_s между_pr	2.2176397388179003	15.0	1970426	4.0	1165252
процесс_s на_pr	2.2176397388179003	15.0	1970426	4.0	1165252
обязательство_s в_pr	2.2176397388179003	15.0	1970426	4.0	1165252
сфера_s в_pr	2.2176397388179003	15.0	1970426	4.0	1165252
выход_s из_pr	2.2121640851418065	101.0	1970426	27.0	1165252
внимание_s к_pr	2.2077835622009316	56.0	1970426	15.0	1165252
действие_s по_pr	2.2041994979765795	41.0	1970426	11.0	1165252
инвестиция_s в_pr	2.1773190162939384	81.0	1970426	22.0	1165252
сделка_s между_pr	2.168358855733058	11.0	1970426	3.0	1165252
коммуникация_s в_pr	2.168358855733058	22.0	1970426	6.0	1165252
страна_s к_pr	2.168358855733058	22.0	1970426	6.0	1165252
применение_s к_pr	2.168358855733058	22.0	1970426	6.0	1165252
время_s к_pr	2.168358855733058	11.0	1970426	3.0	1165252
актив_s в_pr	2.168358855733058	11.0	1970426	3.0	1165252
поиск_s в_pr	2.168358855733058	11.0	1970426	3.0	1165252
исследователь_s к_pr	2.168358855733058	11.0	1970426	3.0	1165252
рабочий_s в_pr	2.168358855733058	11.0	1970426	3.0	1165252
пример_s в_pr	2.168358855733058	11.0	1970426	3.0	1165252
период_s между_pr	2.168358855733058	11.0	1970426	3.0	1165252
наличие_s в_pr	2.160777181412313	95.0	1970426	26.0	1165252
закон_s об_pr	2.1289341492651843	54.0	1970426	15.0	1165252
отношение_s со_pr	2.128934149265184	18.0	1970426	5.0	1165252
разрешение_s на_pr	2.115287135487843	93.0	1970426	26.0	1165252
группа_s в_pr	2.1120378464932386	50.0	1970426	14.0	1165252
появление_s в_pr	2.1026510116199355	32.0	1970426	9.0	1165252
законодательство_s в_pr	2.0895094427973104	53.0	1970426	15.0	1165252
интерес_s к_pr	2.0882774207201895	113.0	1970426	32.0	1165252
рф_s о_pr	2.069797089563374	21.0	1970426	6.0	1165252
проведение_s в_pr	2.069797089563374	21.0	1970426	6.0	1165252
сообщество_s в_pr	2.069797089563374	21.0	1970426	6.0	1165252
среда_s в_pr	2.069797089563374	21.0	1970426	6.0	1165252
друг_s за_pr	2.069797089563374	21.0	1970426	6.0	1165252
уровень_s в_pr	2.0697970895633735	28.0	1970426	8.0	1165252
влияние_s в_pr	2.0697970895633735	28.0	1970426	8.0	1165252
рост_s на_pr	2.0697970895633735	7.0	1970426	2.0	1165252
сделка_s на_pr	2.0697970895633735	7.0	1970426	2.0	1165252
слово_s от_pr	2.0697970895633735	14.0	1970426	4.0	1165252
цель_s на_pr	2.0697970895633735	7.0	1970426	2.0	1165252
интернет_s в_pr	2.0697970895633735	14.0	1970426	4.0	1165252
задолженность_s в_pr	2.0697970895633735	7.0	1970426	2.0	1165252
сравнение_s со_pr	2.0697970895633735	14.0	1970426	4.0	1165252
политика_s во_pr	2.0697970895633735	7.0	1970426	2.0	1165252
лицо_s с_pr	2.0697970895633735	35.0	1970426	10.0	1165252
подъем_s в_pr	2.0697970895633735	7.0	1970426	2.0	1165252
число_s в_pr	2.0697970895633735	7.0	1970426	2.0	1165252
иерархия_s в_pr	2.0697970895633735	7.0	1970426	2.0	1165252
случай_s к_pr	2.0697970895633735	7.0	1970426	2.0	1165252
баланс_s между_pr	2.0697970895633735	14.0	1970426	4.0	1165252
предложение_s к_pr	2.0697970895633735	7.0	1970426	2.0	1165252
декларация_s об_pr	2.0697970895633735	7.0	1970426	2.0	1165252
результат_s в_pr	2.0697970895633735	28.0	1970426	8.0	1165252
объединение_s с_pr	2.0697970895633735	7.0	1970426	2.0	1165252
значение_s на_pr	2.0697970895633735	7.0	1970426	2.0	1165252
наличие_s на_pr	2.0697970895633735	7.0	1970426	2.0	1165252
движение_s с_pr	2.0697970895633735	7.0	1970426	2.0	1165252
мероприятие_s по_pr	2.0429166078807324	76.0	1970426	22.0	1165252
человек_s от_pr	2.0369431675068124	31.0	1970426	9.0	1165252
пространство_s в_pr	2.0106600298615627	17.0	1970426	5.0	1165252
расхождение_s в_pr	2.0106600298615627	17.0	1970426	5.0	1165252
готовность_s к_pr	2.0106600298615627	17.0	1970426	5.0	1165252
гражданин_s к_pr	1.9958757649361105	27.0	1970426	8.0	1165252
обучение_s в_pr	1.9958757649361105	27.0	1970426	8.0	1165252
заявление_s о_pr	1.9853155757036443	47.0	1970426	14.0	1165252
образ_s в_pr	1.9712353233936892	30.0	1970426	9.0	1165252
страна_s на_pr	1.9712353233936892	50.0	1970426	15.0	1165252
материал_s на_pr	1.971235323393689	10.0	1970426	3.0	1165252
мысль_s об_pr	1.971235323393689	10.0	1970426	3.0	1165252
посредник_s в_pr	1.971235323393689	10.0	1970426	3.0	1165252
граница_s на_pr	1.971235323393689	10.0	1970426	3.0	1165252
земля_s на_pr	1.971235323393689	20.0	1970426	6.0	1165252
товар_s для_pr	1.971235323393689	10.0	1970426	3.0	1165252
полномочие_s на_pr	1.971235323393689	10.0	1970426	3.0	1165252
основное_s в_pr	1.971235323393689	10.0	1970426	3.0	1165252
оборот_s в_pr	1.971235323393689	10.0	1970426	3.0	1165252
обмен_s между_pr	1.971235323393689	10.0	1970426	3.0	1165252
ресурс_s на_pr	1.971235323393689	20.0	1970426	6.0	1165252
инициатива_s в_pr	1.971235323393689	10.0	1970426	3.0	1165252
договор_s о_pr	1.9540941466685267	76.0	1970426	23.0	1165252
вклад_s в_pr	1.9533150022719281	109.0	1970426	33.0	1165252
положение_s в_pr	1.9430748187737794	92.0	1970426	28.0	1165252
товар_s в_pr	1.9353946811501674	36.0	1970426	11.0	1165252
образование_s в_pr	1.9297356323748747	62.0	1970426	19.0	1165252
сложность_s в_pr	1.9219544403088469	13.0	1970426	4.0	1165252
проникновение_s в_pr	1.9219544403088469	26.0	1970426	8.0	1165252
корень_s в_pr	1.9219544403088469	13.0	1970426	4.0	1165252
рассуждение_s о_pr	1.9219544403088469	13.0	1970426	4.0	1165252
исследование_s по_pr	1.9219544403088469	26.0	1970426	8.0	1165252
сделка_s по_pr	1.9219544403088469	13.0	1970426	4.0	1165252
механизм_s в_pr	1.9219544403088469	13.0	1970426	4.0	1165252
прием_s в_pr	1.9219544403088469	13.0	1970426	4.0	1165252
продукт_s в_pr	1.9219544403088469	26.0	1970426	8.0	1165252
требование_s по_pr	1.9219544403088469	13.0	1970426	4.0	1165252
партнер_s в_pr	1.9219544403088469	13.0	1970426	4.0	1165252
независимость_s от_pr	1.8923859104579417	16.0	1970426	5.0	1165252
ассигнование_s на_pr	1.8923859104579417	16.0	1970426	5.0	1165252
плата_s в_pr	1.8923859104579417	16.0	1970426	5.0	1165252
республика_s в_pr	1.8923859104579417	32.0	1970426	10.0	1165252
идея_s в_pr	1.8726735572240047	19.0	1970426	6.0	1165252
преступление_s против_pr	1.8585933049140497	44.0	1970426	14.0	1165252
действие_s в_pr	1.8547532361022439	69.0	1970426	22.0	1165252
практика_s в_pr	1.8480331156815837	25.0	1970426	8.0	1165252
отношение_s к_pr	1.8436848024682149	318.0	1970426	102.0	1165252
технология_s в_pr	1.8278727544196027	34.0	1970426	11.0	1165252
цель_s в_pr	1.8233926741391624	37.0	1970426	12.0	1165252
распространение_s в_pr	1.8233926741391624	37.0	1970426	12.0	1165252
культура_s в_pr	1.8135364975221941	46.0	1970426	15.0	1165252
взаимодействие_s с_pr	1.7960144057586944	82.0	1970426	27.0	1165252
население_s на_pr	1.7741117910543205	27.0	1970426	9.0	1165252
количество_s в_pr	1.7741117910543203	9.0	1970426	3.0	1165252
ссср_s на_pr	1.7741117910543203	9.0	1970426	3.0	1165252
поворот_s в_pr	1.7741117910543203	6.0	1970426	2.0	1165252
экономика_s при_pr	1.7741117910543203	9.0	1970426	3.0	1165252
материал_s из_pr	1.7741117910543203	6.0	1970426	2.0	1165252
место_s во_pr	1.7741117910543203	6.0	1970426	2.0	1165252
высказывание_s в_pr	1.7741117910543203	18.0	1970426	6.0	1165252
перерыв_s в_pr	1.7741117910543203	6.0	1970426	2.0	1165252
помощь_s по_pr	1.7741117910543203	9.0	1970426	3.0	1165252
проблема_s на_pr	1.7741117910543203	9.0	1970426	3.0	1165252
народ_s на_pr	1.7741117910543203	9.0	1970426	3.0	1165252
исследователь_s в_pr	1.7741117910543203	9.0	1970426	3.0	1165252
ученый_s в_pr	1.7741117910543203	9.0	1970426	3.0	1165252
кредит_s под_pr	1.7741117910543203	9.0	1970426	3.0	1165252
признание_s в_pr	1.7741117910543203	9.0	1970426	3.0	1165252
сведение_s из_pr	1.7741117910543203	6.0	1970426	2.0	1165252
функция_s между_pr	1.7741117910543203	6.0	1970426	2.0	1165252
агентство_s в_pr	1.7741117910543203	9.0	1970426	3.0	1165252
несогласие_s с_pr	1.7741117910543203	9.0	1970426	3.0	1165252
класс_s в_pr	1.7741117910543203	18.0	1970426	6.0	1165252
группировка_s в_pr	1.7741117910543203	9.0	1970426	3.0	1165252
потеря_s в_pr	1.7741117910543203	12.0	1970426	4.0	1165252
среднее_s на_pr	1.7741117910543203	12.0	1970426	4.0	1165252
дискуссия_s с_pr	1.7741117910543203	6.0	1970426	2.0	1165252
обязательство_s перед_pr	1.7741117910543203	12.0	1970426	4.0	1165252
след_s в_pr	1.7741117910543203	9.0	1970426	3.0	1165252
запрос_s в_pr	1.7741117910543203	9.0	1970426	3.0	1165252
принуждение_s к_pr	1.7741117910543203	12.0	1970426	4.0	1165252
отсутствие_s в_pr	1.7741117910543203	36.0	1970426	12.0	1165252
период_s до_pr	1.7741117910543203	21.0	1970426	7.0	1165252
данные_s об_pr	1.7741117910543203	18.0	1970426	6.0	1165252
анализ_s с_pr	1.7741117910543203	6.0	1970426	2.0	1165252
время_s из_pr	1.7741117910543203	6.0	1970426	2.0	1165252
отсутствие_s у_pr	1.7741117910543203	24.0	1970426	8.0	1165252
десятилетие_s в_pr	1.7741117910543203	12.0	1970426	4.0	1165252
голосование_s на_pr	1.7741117910543203	6.0	1970426	2.0	1165252
параллель_s между_pr	1.7741117910543203	6.0	1970426	2.0	1165252
отношение_s ко_pr	1.7741117910543203	6.0	1970426	2.0	1165252
исполнение_s в_pr	1.7741117910543203	6.0	1970426	2.0	1165252
содержание_s в_pr	1.77411179105432	15.0	1970426	5.0	1165252
борьба_s между_pr	1.77411179105432	15.0	1970426	5.0	1165252
страна_s по_pr	1.77411179105432	15.0	1970426	5.0	1165252
поколение_s в_pr	1.77411179105432	15.0	1970426	5.0	1165252
сила_s в_pr	1.7459512864344104	62.0	1970426	21.0	1165252
группа_s по_pr	1.7286217451298505	38.0	1970426	13.0	1165252
организация_s по_pr	1.7248309079694781	35.0	1970426	12.0	1165252
предложение_s о_pr	1.720350827689038	32.0	1970426	11.0	1165252
страна_s в_pr	1.7193552542933843	157.0	1970426	54.0	1165252
аргумент_s в_pr	1.7149747313525094	29.0	1970426	10.0	1165252
внимание_s на_pr	1.7141176725162515	200.0	1970426	69.0	1165252
форма_s с_pr	1.7084039469411973	26.0	1970426	9.0	1165252
аналогия_s с_pr	1.7084039469411973	26.0	1970426	9.0	1165252
иск_s к_pr	1.700190466427057	23.0	1970426	8.0	1165252
знак_s в_pr	1.700190466427057	23.0	1970426	8.0	1165252
текст_s на_pr	1.700190466427057	46.0	1970426	16.0	1165252
друг_s к_pr	1.6952623781185727	43.0	1970426	15.0	1165252
рынок_s в_pr	1.6952623781185727	43.0	1970426	15.0	1165252
речь_s на_pr	1.6896302771945906	20.0	1970426	7.0	1165252
стимул_s для_pr	1.6755500248846358	17.0	1970426	6.0	1165252
выбор_s в_pr	1.6558376716506988	14.0	1970426	5.0	1165252
выделение_s в_pr	1.6558376716506988	14.0	1970426	5.0	1165252
поступление_s в_pr	1.6558376716506988	28.0	1970426	10.0	1165252
район_s в_pr	1.6558376716506988	14.0	1970426	5.0	1165252
положение_s на_pr	1.6558376716506988	14.0	1970426	5.0	1165252
цена_s на_pr	1.6453456126713455	345.0	1970426	124.0	1165252
утверждение_s о_pr	1.6426961028280744	25.0	1970426	9.0	1165252
решение_s о_pr	1.6426961028280742	225.0	1970426	81.0	1165252
дело_s с_pr	1.6321828477699747	69.0	1970426	25.0	1165252
вознаграждение_s за_pr	1.6262691417997936	11.0	1970426	4.0	1165252
среднее_s по_pr	1.6262691417997936	11.0	1970426	4.0	1165252
стоимость_s в_pr	1.6262691417997936	11.0	1970426	4.0	1165252
выписка_s из_pr	1.6262691417997936	11.0	1970426	4.0	1165252
суд_s с_pr	1.6262691417997936	22.0	1970426	8.0	1165252
тысячелетие_s до_pr	1.6262691417997936	11.0	1970426	4.0	1165252
бюджет_s в_pr	1.6128289009584729	30.0	1970426	11.0	1165252
союз_s в_pr	1.6128289009584729	30.0	1970426	11.0	1165252
согласие_s на_pr	1.6128289009584729	30.0	1970426	11.0	1165252
спор_s между_pr	1.6051487633348611	19.0	1970426	7.0	1165252
случай_s в_pr	1.5967006119488882	27.0	1970426	10.0	1165252
ответственность_s за_pr	1.5893084794861618	215.0	1970426	80.0	1165252
реакция_s на_pr	1.587363181469655	51.0	1970426	19.0	1165252
порядок_s на_pr	1.5769882587149515	8.0	1970426	3.0	1165252
учет_s в_pr	1.5769882587149515	16.0	1970426	6.0	1165252
приобщение_s к_pr	1.5769882587149515	8.0	1970426	3.0	1165252
работа_s о_pr	1.5769882587149515	8.0	1970426	3.0	1165252
выборы_s на_pr	1.5769882587149515	8.0	1970426	3.0	1165252
культура_s на_pr	1.5769882587149515	16.0	1970426	6.0	1165252
поток_s в_pr	1.5769882587149515	8.0	1970426	3.0	1165252
лицо_s из_pr	1.5769882587149515	8.0	1970426	3.0	1165252
восток_s в_pr	1.5769882587149515	8.0	1970426	3.0	1165252
процесс_s с_pr	1.5769882587149515	8.0	1970426	3.0	1165252
дума_s в_pr	1.5769882587149515	8.0	1970426	3.0	1165252
текст_s в_pr	1.5769882587149513	40.0	1970426	15.0	1165252
прибыль_s от_pr	1.5523478171725302	21.0	1970426	8.0	1165252
уход_s за_pr	1.5523478171725302	21.0	1970426	8.0	1165252
часть_s в_pr	1.5523478171725302	21.0	1970426	8.0	1165252
вопрос_s о_pr	1.5483157449201341	432.0	1970426	165.0	1165252
учреждение_s в_pr	1.5375635522470774	13.0	1970426	5.0	1165252
пробел_s в_pr	1.5375635522470774	13.0	1970426	5.0	1165252
монополия_s в_pr	1.5375635522470774	13.0	1970426	5.0	1165252
запись_s в_pr	1.5112804146018286	23.0	1970426	9.0	1165252
спор_s о_pr	1.5112804146018286	23.0	1970426	9.0	1165252
доклад_s на_pr	1.4784264925452668	5.0	1970426	2.0	1165252
единство_s с_pr	1.4784264925452668	5.0	1970426	2.0	1165252
эксперимент_s в_pr	1.4784264925452668	10.0	1970426	4.0	1165252
человек_s во_pr	1.4784264925452668	10.0	1970426	4.0	1165252
дело_s для_pr	1.4784264925452668	5.0	1970426	2.0	1165252
справедливость_s ради_pr	1.4784264925452668	5.0	1970426	2.0	1165252
документ_s к_pr	1.4784264925452668	5.0	1970426	2.0	1165252
долг_s перед_pr	1.4784264925452668	5.0	1970426	2.0	1165252
законодательство_s с_pr	1.4784264925452668	5.0	1970426	2.0	1165252
борьба_s со_pr	1.4784264925452668	5.0	1970426	2.0	1165252
грань_s между_pr	1.4784264925452668	10.0	1970426	4.0	1165252
использование_s на_pr	1.4784264925452668	5.0	1970426	2.0	1165252
мера_s на_pr	1.4784264925452668	5.0	1970426	2.0	1165252
преподавание_s в_pr	1.4784264925452668	5.0	1970426	2.0	1165252
продвижение_s к_pr	1.4784264925452668	5.0	1970426	2.0	1165252
размер_s от_pr	1.4784264925452668	5.0	1970426	2.0	1165252
рф_s к_pr	1.4784264925452668	5.0	1970426	2.0	1165252
срок_s для_pr	1.4784264925452668	10.0	1970426	4.0	1165252
вариант_s в_pr	1.4784264925452668	5.0	1970426	2.0	1165252
территория_s в_pr	1.4784264925452668	10.0	1970426	4.0	1165252
индия_s в_pr	1.4784264925452668	20.0	1970426	8.0	1165252
показатель_s в_pr	1.4784264925452668	15.0	1970426	6.0	1165252
власть_s на_pr	1.4784264925452668	40.0	1970426	16.0	1165252
решение_s на_pr	1.4784264925452668	15.0	1970426	6.0	1165252
отрыв_s от_pr	1.4784264925452668	15.0	1970426	6.0	1165252
характеристика_s в_pr	1.4784264925452668	5.0	1970426	2.0	1165252
вторжение_s в_pr	1.4784264925452668	10.0	1970426	4.0	1165252
документ_s для_pr	1.4784264925452668	15.0	1970426	6.0	1165252
голос_s в_pr	1.4784264925452668	10.0	1970426	4.0	1165252
оборудование_s для_pr	1.4784264925452668	15.0	1970426	6.0	1165252
страна_s для_pr	1.4784264925452668	10.0	1970426	4.0	1165252
программа_s с_pr	1.4784264925452668	10.0	1970426	4.0	1165252
правительство_s в_pr	1.4784264925452668	35.0	1970426	14.0	1165252
аргумент_s для_pr	1.4784264925452668	5.0	1970426	2.0	1165252
ответ_s на_pr	1.4662750419216068	181.0	1970426	73.0	1165252
информация_s об_pr	1.461033239691793	42.0	1970426	17.0	1165252
кризис_s в_pr	1.461033239691793	42.0	1970426	17.0	1165252
специалист_s в_pr	1.4587141393113299	37.0	1970426	15.0	1165252
жительство_s в_pr	1.4455725704887055	22.0	1970426	9.0	1165252
прибыль_s в_pr	1.4455725704887055	22.0	1970426	9.0	1165252
вопрос_s в_pr	1.4361857356154022	51.0	1970426	21.0	1165252
декларация_s о_pr	1.436185735615402	17.0	1970426	7.0	1165252
партия_s на_pr	1.436185735615402	17.0	1970426	7.0	1165252
ввод_s в_pr	1.436185735615402	17.0	1970426	7.0	1165252
целое_s по_pr	1.4291456094604247	29.0	1970426	12.0	1165252
связь_s с_pr	1.4285918916729545	215.0	1970426	89.0	1165252
соответствие_s с_pr	1.4262467339848457	41.0	1970426	17.0	1165252
информация_s о_pr	1.4246655291799843	265.0	1970426	110.0	1165252
наблюдение_s над_pr	1.4045051679180036	19.0	1970426	8.0	1165252
война_s за_pr	1.4045051679180036	19.0	1970426	8.0	1165252
борьба_s против_pr	1.4045051679180036	19.0	1970426	8.0	1165252
европа_s в_pr	1.4045051679180036	38.0	1970426	16.0	1165252
наказание_s за_pr	1.3977850474973432	26.0	1970426	11.0	1165252
сша_s в_pr	1.3939449786855371	99.0	1970426	42.0	1165252
возраст_s до_pr	1.3798647263755826	14.0	1970426	6.0	1165252
итог_s в_pr	1.3798647263755826	7.0	1970426	3.0	1165252
сфера_s с_pr	1.3798647263755826	7.0	1970426	3.0	1165252
действие_s для_pr	1.3798647263755826	14.0	1970426	6.0	1165252
снятие_s с_pr	1.3798647263755826	7.0	1970426	3.0	1165252
ущерб_s для_pr	1.3798647263755826	14.0	1970426	6.0	1165252
ходатайство_s о_pr	1.3798647263755826	14.0	1970426	6.0	1165252
пошлина_s на_pr	1.3798647263755826	21.0	1970426	9.0	1165252
построение_s в_pr	1.3798647263755826	7.0	1970426	3.0	1165252
интеграция_s с_pr	1.3798647263755826	7.0	1970426	3.0	1165252
препятствие_s к_pr	1.3798647263755826	7.0	1970426	3.0	1165252
контракт_s в_pr	1.3798647263755826	7.0	1970426	3.0	1165252
усилие_s на_pr	1.3798647263755826	14.0	1970426	6.0	1165252
господство_s в_pr	1.3798647263755826	7.0	1970426	3.0	1165252
обсуждение_s на_pr	1.3798647263755826	7.0	1970426	3.0	1165252
инструмент_s в_pr	1.3798647263755826	14.0	1970426	6.0	1165252
успех_s на_pr	1.3798647263755826	7.0	1970426	3.0	1165252
перспектива_s для_pr	1.3798647263755826	7.0	1970426	3.0	1165252
предприятие_s по_pr	1.3798647263755826	21.0	1970426	9.0	1165252
противостояние_s в_pr	1.3798647263755826	7.0	1970426	3.0	1165252
взаимодействие_s в_pr	1.3798647263755826	21.0	1970426	9.0	1165252
знакомство_s с_pr	1.3798647263755826	21.0	1970426	9.0	1165252
переход_s между_pr	1.3798647263755826	7.0	1970426	3.0	1165252
контакт_s с_pr	1.3662700000073502	67.0	1970426	29.0	1165252
место_s в_pr	1.3647013777340924	240.0	1970426	104.0	1165252
ставка_s на_pr	1.3601523731416454	23.0	1970426	10.0	1165252
россия_s с_pr	1.3566737225709509	39.0	1970426	17.0	1165252
документ_s на_pr	1.3517042217556727	16.0	1970426	7.0	1165252
человек_s для_pr	1.3517042217556727	16.0	1970426	7.0	1165252
проблема_s для_pr	1.3517042217556727	16.0	1970426	7.0	1165252
шаг_s по_pr	1.3517042217556727	16.0	1970426	7.0	1165252
война_s в_pr	1.3483249612012835	57.0	1970426	25.0	1165252
вопрос_s об_pr	1.347010804319021	82.0	1970426	36.0	1165252
срок_s до_pr	1.347010804319021	41.0	1970426	18.0	1165252
перевод_s с_pr	1.3440240841320608	25.0	1970426	11.0	1165252
деньги_s в_pr	1.3419563547718574	59.0	1970426	26.0	1165252
китай_s в_pr	1.3305838432907402	9.0	1970426	4.0	1165252
деньги_s с_pr	1.3305838432907402	9.0	1970426	4.0	1165252
солидарность_s с_pr	1.3305838432907402	9.0	1970426	4.0	1165252
содействие_s в_pr	1.3305838432907402	18.0	1970426	8.0	1165252
гражданин_s от_pr	1.3305838432907402	9.0	1970426	4.0	1165252
заключение_s по_pr	1.3305838432907402	18.0	1970426	8.0	1165252
выбор_s между_pr	1.3305838432907402	18.0	1970426	8.0	1165252
данные_s для_pr	1.3305838432907402	9.0	1970426	4.0	1165252
участок_s в_pr	1.3305838432907402	18.0	1970426	8.0	1165252
передача_s на_pr	1.3305838432907402	9.0	1970426	4.0	1165252
кадр_s для_pr	1.3305838432907402	9.0	1970426	4.0	1165252
дополнение_s к_pr	1.3305838432907402	36.0	1970426	16.0	1165252
сходство_s между_pr	1.3305838432907402	9.0	1970426	4.0	1165252
отношение_s с_pr	1.3185966014592918	165.0	1970426	74.0	1165252
защита_s от_pr	1.3141568822624594	40.0	1970426	18.0	1165252
приближение_s к_pr	1.3010153134398348	11.0	1970426	5.0	1165252
ес_s в_pr	1.3010153134398348	33.0	1970426	15.0	1165252
пребывание_s на_pr	1.3010153134398348	22.0	1970426	10.0	1165252
служба_s при_pr	1.3010153134398348	11.0	1970426	5.0	1165252
деньги_s для_pr	1.3010153134398348	11.0	1970426	5.0	1165252
человек_s на_pr	1.2936231809771086	70.0	1970426	32.0	1165252
лицо_s к_pr	1.2936231809771086	35.0	1970426	16.0	1165252
усилие_s по_pr	1.2902631207667783	24.0	1970426	11.0	1165252
компонент_s в_pr	1.281302960205898	13.0	1970426	6.0	1165252
разработка_s в_pr	1.281302960205898	13.0	1970426	6.0	1165252
письмо_s в_pr	1.281302960205898	13.0	1970426	6.0	1165252
соглашение_s о_pr	1.2747321757945858	97.0	1970426	45.0	1165252
обращение_s к_pr	1.269283232624229	88.0	1970426	41.0	1165252
преступление_s в_pr	1.267222707895943	15.0	1970426	7.0	1165252
страх_s перед_pr	1.267222707895943	15.0	1970426	7.0	1165252
вещь_s в_pr	1.267222707895943	15.0	1970426	7.0	1165252
случай_s на_pr	1.267222707895943	15.0	1970426	7.0	1165252
разница_s в_pr	1.2615906069719611	32.0	1970426	15.0	1165252
договор_s на_pr	1.256662518663477	17.0	1970426	8.0	1165252
договор_s с_pr	1.2523142054501082	36.0	1970426	17.0	1165252
друг_s в_pr	1.250976262922918	55.0	1970426	26.0	1165252
операция_s на_pr	1.2418782537380242	21.0	1970426	10.0	1165252
шаг_s к_pr	1.2418782537380242	21.0	1970426	10.0	1165252
данные_s о_pr	1.2418782537380242	63.0	1970426	30.0	1165252
мысль_s о_pr	1.236502157401496	46.0	1970426	22.0	1165252
дело_s в_pr	1.212309723887119	123.0	1970426	60.0	1165252
переход_s на_pr	1.2084529591239574	47.0	1970426	23.0	1165252
суд_s по_pr	1.2054862169984484	53.0	1970426	26.0	1165252
решение_s об_pr	1.203861572501146	57.0	1970426	28.0	1165252
женщина_s в_pr	1.200134446889687	69.0	1970426	34.0	1165252
сша_s с_pr	1.1827411940362136	8.0	1970426	4.0	1165252
объект_s для_pr	1.1827411940362136	6.0	1970426	3.0	1165252
средство_s на_pr	1.1827411940362136	72.0	1970426	36.0	1165252
руководитель_s в_pr	1.1827411940362136	6.0	1970426	3.0	1165252
положение_s с_pr	1.1827411940362136	6.0	1970426	3.0	1165252
услуга_s для_pr	1.1827411940362136	8.0	1970426	4.0	1165252
пострадавший_s от_pr	1.1827411940362136	8.0	1970426	4.0	1165252
мнение_s в_pr	1.1827411940362136	8.0	1970426	4.0	1165252
процесс_s для_pr	1.1827411940362136	6.0	1970426	3.0	1165252
предмет_s для_pr	1.1827411940362136	6.0	1970426	3.0	1165252
дело_s на_pr	1.1827411940362136	24.0	1970426	12.0	1165252
время_s при_pr	1.1827411940362136	6.0	1970426	3.0	1165252
месяц_s до_pr	1.1827411940362136	18.0	1970426	9.0	1165252
борьба_s с_pr	1.1827411940362136	232.0	1970426	116.0	1165252
получение_s в_pr	1.1827411940362136	8.0	1970426	4.0	1165252
взнос_s в_pr	1.1827411940362136	8.0	1970426	4.0	1165252
нахождение_s в_pr	1.1827411940362136	6.0	1970426	3.0	1165252
счет_s в_pr	1.1827411940362136	18.0	1970426	9.0	1165252
нация_s на_pr	1.1827411940362136	6.0	1970426	3.0	1165252
переселенец_s из_pr	1.1827411940362136	8.0	1970426	4.0	1165252
страна_s за_pr	1.1827411940362136	8.0	1970426	4.0	1165252
доказательство_s в_pr	1.1827411940362136	6.0	1970426	3.0	1165252
объект_s на_pr	1.1827411940362136	6.0	1970426	3.0	1165252
гарантия_s для_pr	1.1827411940362136	6.0	1970426	3.0	1165252
структура_s с_pr	1.1827411940362136	6.0	1970426	3.0	1165252
россия_s о_pr	1.1827411940362136	6.0	1970426	3.0	1165252
требование_s для_pr	1.1827411940362136	6.0	1970426	3.0	1165252
открытие_s в_pr	1.1827411940362136	12.0	1970426	6.0	1165252
голосование_s по_pr	1.1827411940362136	6.0	1970426	3.0	1165252
трудность_s с_pr	1.1827411940362136	6.0	1970426	3.0	1165252
начало_s в_pr	1.1827411940362136	24.0	1970426	12.0	1165252
друг_s у_pr	1.1827411940362136	6.0	1970426	3.0	1165252
целое_s на_pr	1.1827411940362136	8.0	1970426	4.0	1165252
изоляция_s от_pr	1.1827411940362136	8.0	1970426	4.0	1165252
пространство_s с_pr	1.1827411940362136	6.0	1970426	3.0	1165252
предпринимательство_s в_pr	1.1827411940362136	12.0	1970426	6.0	1165252
договор_s об_pr	1.1827411940362136	18.0	1970426	9.0	1165252
признак_s в_pr	1.1827411940362136	8.0	1970426	4.0	1165252
толчок_s к_pr	1.1827411940362134	10.0	1970426	5.0	1165252
план_s в_pr	1.1827411940362134	14.0	1970426	7.0	1165252
давление_s на_pr	1.1827411940362134	38.0	1970426	19.0	1165252
программа_s в_pr	1.1827411940362134	22.0	1970426	11.0	1165252
мероприятие_s с_pr	1.1827411940362134	10.0	1970426	5.0	1165252
наблюдение_s за_pr	1.1827411940362134	20.0	1970426	10.0	1165252
время_s для_pr	1.1827411940362134	20.0	1970426	10.0	1165252
период_s с_pr	1.1827411940362134	56.0	1970426	28.0	1165252
связь_s в_pr	1.1545806894163035	41.0	1970426	21.0	1165252
сотрудничество_s в_pr	1.1507752158190183	72.0	1970426	37.0	1165252
россия_s в_pr	1.1303412677181535	151.0	1970426	79.0	1165252
оон_s по_pr	1.1236041343344028	19.0	1970426	10.0	1165252
ошибка_s в_pr	1.1236041343344028	19.0	1970426	10.0	1165252
опыт_s в_pr	1.1236041343344028	19.0	1970426	10.0	1165252
школа_s в_pr	1.1236041343344028	19.0	1970426	10.0	1165252
достижение_s в_pr	1.1170333499230907	17.0	1970426	9.0	1165252
претензия_s на_pr	1.1088198694089502	15.0	1970426	8.0	1165252
выступление_s на_pr	1.1088198694089502	15.0	1970426	8.0	1165252
материал_s по_pr	1.1088198694089502	15.0	1970426	8.0	1165252
путь_s к_pr	1.1020997489882898	41.0	1970426	22.0	1165252
предложение_s по_pr	1.098259680176484	52.0	1970426	28.0	1165252
появление_s на_pr	1.098259680176484	13.0	1970426	7.0	1165252
инициатива_s по_pr	1.098259680176484	13.0	1970426	7.0	1165252
въезд_s в_pr	1.098259680176484	13.0	1970426	7.0	1165252
народ_s в_pr	1.091761102187274	24.0	1970426	13.0	1165252
материал_s для_pr	1.0881218985133165	46.0	1970426	25.0	1165252
процент_s от_pr	1.084179427866529	11.0	1970426	6.0	1165252
большинство_s в_pr	1.084179427866529	11.0	1970426	6.0	1165252
прорыв_s в_pr	1.084179427866529	11.0	1970426	6.0	1165252
звено_s в_pr	1.084179427866529	11.0	1970426	6.0	1165252
правительство_s на_pr	1.084179427866529	11.0	1970426	6.0	1165252
страна_s из_pr	1.084179427866529	11.0	1970426	6.0	1165252
средство_s к_pr	1.084179427866529	11.0	1970426	6.0	1165252
участник_s в_pr	1.084179427866529	11.0	1970426	6.0	1165252
конференция_s в_pr	1.084179427866529	11.0	1970426	6.0	1165252
что_s в_pr	1.084179427866529	22.0	1970426	12.0	1165252
время_s по_pr	1.084179427866529	11.0	1970426	6.0	1165252
направление_s на_pr	1.084179427866529	11.0	1970426	6.0	1165252
америка_s в_pr	1.084179427866529	11.0	1970426	6.0	1165252
запрет_s на_pr	1.0813633774045381	64.0	1970426	35.0	1165252
мир_s в_pr	1.0677524668382483	65.0	1970426	36.0	1165252
специалист_s по_pr	1.0644670746325922	54.0	1970426	30.0	1165252
результат_s на_pr	1.064467074632592	9.0	1970426	5.0	1165252
раскол_s в_pr	1.064467074632592	9.0	1970426	5.0	1165252
фигура_s в_pr	1.064467074632592	9.0	1970426	5.0	1165252
лидер_s в_pr	1.0513255058099678	16.0	1970426	9.0	1165252
сила_s с_pr	1.0513255058099678	16.0	1970426	9.0	1165252
безопасность_s в_pr	1.034898544781687	42.0	1970426	24.0	1165252
партнер_s по_pr	1.0348985447816867	14.0	1970426	8.0	1165252
безопасность_s на_pr	1.0348985447816867	14.0	1970426	8.0	1165252
союз_s на_pr	1.0348985447816867	7.0	1970426	4.0	1165252
движение_s к_pr	1.0348985447816867	7.0	1970426	4.0	1165252
документ_s с_pr	1.0348985447816867	7.0	1970426	4.0	1165252
проживание_s в_pr	1.0348985447816867	7.0	1970426	4.0	1165252
регион_s на_pr	1.0348985447816867	7.0	1970426	4.0	1165252
документ_s о_pr	1.0348985447816867	14.0	1970426	8.0	1165252
учреждение_s на_pr	1.0348985447816867	7.0	1970426	4.0	1165252
человек_s в_pr	1.0205067824648746	195.0	1970426	113.0	1165252
присоединение_s к_pr	1.0184715837534062	31.0	1970426	18.0	1165252
безопасность_s при_pr	1.0137781663167544	12.0	1970426	7.0	1165252
заказ_s на_pr	1.0137781663167544	12.0	1970426	7.0	1165252
война_s на_pr	1.0137781663167544	12.0	1970426	7.0	1165252
отчет_s о_pr	1.0053300149307813	17.0	1970426	10.0	1165252
общение_s с_pr	0.9959925844515483	32.0	1970426	19.0	1165252
многие_s из_pr	0.994577822257725	37.0	1970426	22.0	1165252
сравнение_s с_pr	0.9926577878518221	47.0	1970426	28.0	1165252
конфликт_s в_pr	0.9926577878518221	47.0	1970426	28.0	1165252
время_s в_pr	0.9882113923855204	127.0	1970426	76.0	1165252
пост_s в_pr	0.9856176616968446	15.0	1970426	9.0	1165252
упоминание_s о_pr	0.9856176616968446	15.0	1970426	9.0	1165252
кандидат_s на_pr	0.9856176616968445	20.0	1970426	12.0	1165252
предмет_s с_pr	0.9856176616968445	5.0	1970426	3.0	1165252
оценка_s в_pr	0.9856176616968445	5.0	1970426	3.0	1165252
борьба_s в_pr	0.9856176616968445	10.0	1970426	6.0	1165252
доклад_s о_pr	0.9856176616968445	10.0	1970426	6.0	1165252
механизм_s для_pr	0.9856176616968445	5.0	1970426	3.0	1165252
степень_s в_pr	0.9856176616968445	5.0	1970426	3.0	1165252
свет_s в_pr	0.9856176616968445	10.0	1970426	6.0	1165252
звено_s между_pr	0.9856176616968445	5.0	1970426	3.0	1165252
сеть_s в_pr	0.9856176616968445	10.0	1970426	6.0	1165252
рф_s в_pr	0.9788202985127283	48.0	1970426	29.0	1165252
мнение_s о_pr	0.9740221597945287	28.0	1970426	17.0	1165252
бизнес_s в_pr	0.9715374093868897	23.0	1970426	14.0	1165252
рф_s на_pr	0.9609772201544234	13.0	1970426	8.0	1165252
мир_s на_pr	0.9609772201544234	13.0	1970426	8.0	1165252
шаг_s на_pr	0.9609772201544234	13.0	1970426	8.0	1165252
молодежь_s в_pr	0.9609772201544234	13.0	1970426	8.0	1165252
предисловие_s к_pr	0.9461929552289708	8.0	1970426	5.0	1165252
кампания_s в_pr	0.9461929552289708	16.0	1970426	10.0	1165252
движение_s по_pr	0.9461929552289708	8.0	1970426	5.0	1165252
проект_s на_pr	0.9461929552289708	8.0	1970426	5.0	1165252
способность_s в_pr	0.9461929552289708	8.0	1970426	5.0	1165252
демократия_s в_pr	0.9461929552289708	16.0	1970426	10.0	1165252
задолженность_s по_pr	0.9461929552289708	16.0	1970426	10.0	1165252
создание_s на_pr	0.9461929552289708	8.0	1970426	5.0	1165252
ударение_s в_pr	0.9363367786120024	19.0	1970426	12.0	1165252
случай_s с_pr	0.9363367786120024	38.0	1970426	24.0	1165252
политика_s на_pr	0.9363367786120024	19.0	1970426	12.0	1165252
погоня_s за_pr	0.9292966524570249	11.0	1970426	7.0	1165252
создание_s в_pr	0.9292966524570249	22.0	1970426	14.0	1165252
лицензия_s на_pr	0.9240165578407918	25.0	1970426	16.0	1165252
участие_s в_pr	0.9188237375157362	376.0	1970426	242.0	1165252
стабильность_s в_pr	0.9139363772098014	17.0	1970426	11.0	1165252
мероприятие_s в_pr	0.9139363772098014	17.0	1970426	11.0	1165252
отсылка_s к_pr	0.9098009184893949	20.0	1970426	13.0	1165252
дело_s о_pr	0.9059294252192273	72.0	1970426	47.0	1165252
работа_s по_pr	0.9008729655509476	163.0	1970426	107.0	1165252
система_s для_pr	0.8870558955271601	6.0	1970426	4.0	1165252
депозит_s в_pr	0.8870558955271601	6.0	1970426	4.0	1165252
партнерство_s в_pr	0.8870558955271601	12.0	1970426	8.0	1165252
месяц_s в_pr	0.8870558955271601	12.0	1970426	8.0	1165252
союзник_s в_pr	0.8870558955271601	9.0	1970426	6.0	1165252
империя_s в_pr	0.8870558955271601	9.0	1970426	6.0	1165252
перемена_s в_pr	0.8870558955271601	12.0	1970426	8.0	1165252
правительство_s для_pr	0.8870558955271601	6.0	1970426	4.0	1165252
мера_s к_pr	0.8870558955271601	9.0	1970426	6.0	1165252
статья_s с_pr	0.8870558955271601	6.0	1970426	4.0	1165252
усилие_s в_pr	0.8870558955271601	9.0	1970426	6.0	1165252
указание_s о_pr	0.8870558955271601	6.0	1970426	4.0	1165252
режим_s для_pr	0.8870558955271601	6.0	1970426	4.0	1165252
проявление_s в_pr	0.8870558955271601	6.0	1970426	4.0	1165252
ущерб_s в_pr	0.8870558955271601	6.0	1970426	4.0	1165252
обсуждение_s в_pr	0.8870558955271601	9.0	1970426	6.0	1165252
рф_s при_pr	0.8870558955271601	9.0	1970426	6.0	1165252
море_s в_pr	0.8870558955271601	6.0	1970426	4.0	1165252
информация_s от_pr	0.8870558955271601	6.0	1970426	4.0	1165252
условие_s на_pr	0.8870558955271601	9.0	1970426	6.0	1165252
спор_s с_pr	0.8870558955271601	6.0	1970426	4.0	1165252
движение_s в_pr	0.88705589552716	33.0	1970426	22.0	1165252
речь_s о_pr	0.88705589552716	15.0	1970426	10.0	1165252
сомнение_s в_pr	0.8729756432172052	31.0	1970426	21.0	1165252
жизнь_s в_pr	0.8714935113951046	56.0	1970426	38.0	1165252
конфликт_s с_pr	0.8696626426736864	25.0	1970426	17.0	1165252
комментарий_s к_pr	0.8673435422932232	22.0	1970426	15.0	1165252
доверие_s к_pr	0.860175413844519	16.0	1970426	11.0	1165252
кредит_s на_pr	0.860175413844519	16.0	1970426	11.0	1165252
публикация_s в_pr	0.860175413844519	16.0	1970426	11.0	1165252
россия_s на_pr	0.860175413844519	32.0	1970426	22.0	1165252
вступление_s в_pr	0.8559311272630491	55.0	1970426	38.0	1165252
референдум_s о_pr	0.8448151385972953	10.0	1970426	7.0	1165252
цена_s за_pr	0.8448151385972953	10.0	1970426	7.0	1165252
возвращение_s к_pr	0.8448151385972953	10.0	1970426	7.0	1165252
франция_s в_pr	0.8448151385972953	20.0	1970426	14.0	1165252
обмен_s на_pr	0.8448151385972953	20.0	1970426	14.0	1165252
материал_s о_pr	0.8448151385972953	10.0	1970426	7.0	1165252
время_s после_pr	0.8448151385972953	10.0	1970426	7.0	1165252
сторона_s в_pr	0.8377750124423179	34.0	1970426	24.0	1165252
распространение_s на_pr	0.8279188358253494	7.0	1970426	5.0	1165252
путь_s для_pr	0.8279188358253494	7.0	1970426	5.0	1165252
средство_s от_pr	0.8279188358253494	7.0	1970426	5.0	1165252
долг_s по_pr	0.8279188358253494	7.0	1970426	5.0	1165252
уровень_s с_pr	0.8279188358253494	7.0	1970426	5.0	1165252
образование_s по_pr	0.8279188358253494	7.0	1970426	5.0	1165252
вывод_s из_pr	0.8279188358253494	14.0	1970426	10.0	1165252
организация_s для_pr	0.8279188358253494	7.0	1970426	5.0	1165252
точка_s для_pr	0.8279188358253494	7.0	1970426	5.0	1165252
россия_s во_pr	0.8279188358253494	7.0	1970426	5.0	1165252
тип_s в_pr	0.8279188358253494	7.0	1970426	5.0	1165252
строительство_s в_pr	0.8279188358253494	14.0	1970426	10.0	1165252
друг_s на_pr	0.8227764828078008	32.0	1970426	23.0	1165252
война_s между_pr	0.8131345708998968	11.0	1970426	8.0	1165252
мнение_s по_pr	0.8131345708998968	11.0	1970426	8.0	1165252
война_s против_pr	0.8131345708998968	11.0	1970426	8.0	1165252
ряд_s с_pr	0.8131345708998968	11.0	1970426	8.0	1165252
претендент_s на_pr	0.8064144504792364	15.0	1970426	11.0	1165252
переход_s в_pr	0.8000896312597915	23.0	1970426	17.0	1165252
комиссия_s в_pr	0.7884941293574758	8.0	1970426	6.0	1165252
сторона_s на_pr	0.7884941293574758	8.0	1970426	6.0	1165252
посягательство_s на_pr	0.7884941293574758	16.0	1970426	12.0	1165252
совет_s по_pr	0.7884941293574756	28.0	1970426	21.0	1165252
комиссия_s по_pr	0.774157872460067	72.0	1970426	55.0	1165252
война_s с_pr	0.7733307807159857	34.0	1970426	26.0	1165252
статья_s о_pr	0.7687817761235387	13.0	1970426	10.0	1165252
поддержка_s в_pr	0.7687817761235387	13.0	1970426	10.0	1165252
работа_s над_pr	0.7630588348620732	40.0	1970426	31.0	1165252
критика_s в_pr	0.7603336247375657	9.0	1970426	7.0	1165252
очередь_s в_pr	0.7603336247375657	9.0	1970426	7.0	1165252
сообщение_s в_pr	0.7603336247375657	9.0	1970426	7.0	1165252
регион_s в_pr	0.7603336247375657	18.0	1970426	14.0	1165252
власть_s над_pr	0.7603336247375657	18.0	1970426	14.0	1165252
присутствие_s в_pr	0.7603336247375657	18.0	1970426	14.0	1165252
вопрос_s на_pr	0.7603336247375657	9.0	1970426	7.0	1165252
удар_s по_pr	0.7556402073009143	23.0	1970426	18.0	1165252
кандидат_s в_pr	0.7545073134368948	37.0	1970426	29.0	1165252
проект_s по_pr	0.7526534871139541	14.0	1970426	11.0	1165252
возраст_s от_pr	0.7526534871139541	14.0	1970426	11.0	1165252
усилие_s к_pr	0.7392132462726334	5.0	1970426	4.0	1165252
популярность_s в_pr	0.7392132462726334	5.0	1970426	4.0	1165252
очередь_s на_pr	0.7392132462726334	5.0	1970426	4.0	1165252
власть_s от_pr	0.7392132462726334	10.0	1970426	8.0	1165252
семья_s на_pr	0.7392132462726334	5.0	1970426	4.0	1165252
сша_s на_pr	0.7392132462726334	10.0	1970426	8.0	1165252
эксперт_s по_pr	0.727840734791516	16.0	1970426	13.0	1165252
некоторые_s из_pr	0.7257730054313128	27.0	1970426	22.0	1165252
бюджет_s на_pr	0.7257730054313128	27.0	1970426	22.0	1165252
успех_s в_pr	0.7257730054313128	27.0	1970426	22.0	1165252
сходство_s с_pr	0.7227862852443527	11.0	1970426	9.0	1165252
кризис_s на_pr	0.7227862852443527	11.0	1970426	9.0	1165252
книга_s о_pr	0.7227862852443527	11.0	1970426	9.0	1165252
обращение_s с_pr	0.7145728047302123	29.0	1970426	24.0	1165252
статистика_s по_pr	0.709644716421728	6.0	1970426	5.0	1165252
будущее_s в_pr	0.709644716421728	6.0	1970426	5.0	1165252
пребывание_s в_pr	0.709644716421728	24.0	1970426	20.0	1165252
многое_s в_pr	0.709644716421728	6.0	1970426	5.0	1165252
победа_s на_pr	0.6988925237486716	13.0	1970426	11.0	1165252
диалог_s с_pr	0.695730114138949	20.0	1970426	17.0	1165252
статья_s в_pr	0.6899323631877913	21.0	1970426	18.0	1165252
представитель_s в_pr	0.6899323631877913	7.0	1970426	6.0	1165252
женщина_s на_pr	0.6899323631877913	7.0	1970426	6.0	1165252
россия_s к_pr	0.6899323631877913	14.0	1970426	12.0	1165252
размышление_s о_pr	0.6899323631877913	7.0	1970426	6.0	1165252
ситуация_s на_pr	0.6899323631877913	21.0	1970426	18.0	1165252
приход_s к_pr	0.6899323631877913	14.0	1970426	12.0	1165252
борец_s за_pr	0.6899323631877913	7.0	1970426	6.0	1165252
проект_s для_pr	0.6758521108778364	8.0	1970426	7.0	1165252
правило_s для_pr	0.6758521108778364	8.0	1970426	7.0	1165252
членство_s в_pr	0.6702200099538543	17.0	1970426	15.0	1165252
мера_s для_pr	0.6702200099538543	17.0	1970426	15.0	1165252
путь_s от_pr	0.6570784411312297	10.0	1970426	9.0	1165252
угроза_s для_pr	0.6570784411312297	20.0	1970426	18.0	1165252
вера_s в_pr	0.6536201335463284	21.0	1970426	19.0	1165252
соглашение_s с_pr	0.6536201335463284	21.0	1970426	19.0	1165252
век_s в_pr	0.6536201335463284	21.0	1970426	19.0	1165252
консультация_s с_pr	0.6505076567199174	11.0	1970426	10.0	1165252
сша_s по_pr	0.6505076567199174	11.0	1970426	10.0	1165252
позиция_s на_pr	0.6505076567199174	11.0	1970426	10.0	1165252
инструмент_s для_pr	0.6451315603833891	12.0	1970426	11.0	1165252
часть_s из_pr	0.6451315603833891	12.0	1970426	11.0	1165252
обстановка_s в_pr	0.6427941271935943	25.0	1970426	23.0	1165252
операция_s по_pr	0.640651480102949	26.0	1970426	24.0	1165252
путь_s в_pr	0.640651480102949	13.0	1970426	12.0	1165252
оппозиция_s в_pr	0.6368606429425765	14.0	1970426	13.0	1165252
человек_s из_pr	0.6368606429425765	28.0	1970426	26.0	1165252
человек_s по_pr	0.6336113539479715	15.0	1970426	14.0	1165252
выход_s на_pr	0.6307953034859806	16.0	1970426	15.0	1165252
программа_s по_pr	0.6104470678896586	32.0	1970426	31.0	1165252
ситуация_s в_pr	0.6094737785594774	101.0	1970426	98.0	1165252
состояние_s на_pr	0.6087638498715805	35.0	1970426	34.0	1165252
услуга_s по_pr	0.5913705970181068	24.0	1970426	24.0	1165252
сотрудничество_s с_pr	0.5913705970181068	46.0	1970426	46.0	1165252
площадка_s для_pr	0.5913705970181068	12.0	1970426	12.0	1165252
нарушение_s в_pr	0.5913705970181068	8.0	1970426	8.0	1165252
эксперт_s в_pr	0.5913705970181068	8.0	1970426	8.0	1165252
решение_s для_pr	0.5913705970181068	6.0	1970426	6.0	1165252
штраф_s за_pr	0.5913705970181068	6.0	1970426	6.0	1165252
коррупция_s в_pr	0.5913705970181068	6.0	1970426	6.0	1165252
человек_s при_pr	0.5913705970181068	6.0	1970426	6.0	1165252
компенсация_s за_pr	0.5913705970181068	9.0	1970426	9.0	1165252
закон_s по_pr	0.5913705970181068	6.0	1970426	6.0	1165252
объявление_s о_pr	0.5913705970181068	6.0	1970426	6.0	1165252
свобода_s в_pr	0.5913705970181068	12.0	1970426	12.0	1165252
канал_s в_pr	0.5913705970181067	5.0	1970426	5.0	1165252
человек_s с_pr	0.5913705970181067	77.0	1970426	77.0	1165252
устройство_s для_pr	0.5913705970181067	5.0	1970426	5.0	1165252
миф_s о_pr	0.5913705970181067	11.0	1970426	11.0	1165252
поле_s для_pr	0.5913705970181067	7.0	1970426	7.0	1165252
база_s в_pr	0.5913705970181067	10.0	1970426	10.0	1165252
сумма_s в_pr	0.5913705970181067	10.0	1970426	10.0	1165252
надпись_s на_pr	0.5913705970181067	11.0	1970426	11.0	1165252
опасность_s для_pr	0.5913705970181067	17.0	1970426	17.0	1165252
сторона_s от_pr	0.5913705970181067	14.0	1970426	14.0	1165252
установка_s в_pr	0.5913705970181067	7.0	1970426	7.0	1165252
день_s с_pr	0.5913705970181067	14.0	1970426	14.0	1165252
разговор_s о_pr	0.5913705970181067	11.0	1970426	11.0	1165252
выборы_s в_pr	0.5818323615823308	61.0	1970426	62.0	1165252
работа_s в_pr	0.5794237162702662	97.0	1970426	99.0	1165252
работа_s с_pr	0.578788243890062	46.0	1970426	47.0	1165252
соглашение_s об_pr	0.573977344164633	33.0	1970426	34.0	1165252
момент_s в_pr	0.5702502185531744	27.0	1970426	28.0	1165252
изделие_s из_pr	0.5686255740558719	25.0	1970426	26.0	1165252
уверенность_s в_pr	0.5656588319303629	22.0	1970426	23.0	1165252
сообщение_s о_pr	0.5602458287539958	36.0	1970426	38.0	1165252
месяц_s после_pr	0.5585166749615453	17.0	1970426	18.0	1165252
конфликт_s на_pr	0.5565840913111594	16.0	1970426	17.0	1165252
семья_s в_pr	0.5519458905502329	14.0	1970426	15.0	1165252
мир_s по_pr	0.5505864179134098	27.0	1970426	29.0	1165252
программа_s для_pr	0.549129840088242	13.0	1970426	14.0	1165252
место_s по_pr	0.545880551093637	12.0	1970426	13.0	1165252
соглашение_s по_pr	0.5420897139332645	11.0	1970426	12.0	1165252
процесс_s по_pr	0.5420897139332645	11.0	1970426	12.0	1165252
работа_s на_pr	0.5391908384576856	31.0	1970426	34.0	1165252
операция_s в_pr	0.5376096336528243	20.0	1970426	22.0	1165252
поражение_s в_pr	0.532233537316296	9.0	1970426	10.0	1165252
забота_s о_pr	0.532233537316296	9.0	1970426	10.0	1165252
проект_s в_pr	0.532233537316296	18.0	1970426	20.0	1165252
подготовка_s к_pr	0.530717202452147	35.0	1970426	39.0	1165252
кампания_s по_pr	0.5256627529049839	8.0	1970426	9.0	1165252
событие_s в_pr	0.5241693928115038	39.0	1970426	44.0	1165252
просьба_s о_pr	0.5174492723908434	7.0	1970426	8.0	1165252
наступление_s на_pr	0.5174492723908434	7.0	1970426	8.0	1165252
интервью_s с_pr	0.5174492723908434	7.0	1970426	8.0	1165252
пример_s для_pr	0.5174492723908434	7.0	1970426	8.0	1165252
контракт_s на_pr	0.5174492723908434	14.0	1970426	16.0	1165252
время_s у_pr	0.5174492723908434	7.0	1970426	8.0	1165252
время_s с_pr	0.5174492723908434	14.0	1970426	16.0	1165252
помощь_s в_pr	0.5125211840823591	26.0	1970426	30.0	1165252
сближение_s с_pr	0.5068890831583772	12.0	1970426	14.0	1165252
совещание_s по_pr	0.5068890831583772	6.0	1970426	7.0	1165252
действие_s против_pr	0.5068890831583772	6.0	1970426	7.0	1165252
шаг_s в_pr	0.5068890831583771	18.0	1970426	21.0	1165252
точка_s в_pr	0.5003905051691672	11.0	1970426	13.0	1165252
оппозиция_s с_pr	0.49280883084842225	5.0	1970426	6.0	1165252
причина_s в_pr	0.49280883084842225	5.0	1970426	6.0	1165252
нахождение_s на_pr	0.49280883084842225	5.0	1970426	6.0	1165252
деньги_s на_pr	0.4804886100772117	26.0	1970426	32.0	1165252
ситуация_s с_pr	0.4804886100772117	26.0	1970426	32.0	1165252
план_s на_pr	0.4730964776144854	8.0	1970426	10.0	1165252
доступ_s к_pr	0.46713307663615156	188.0	1970426	238.0	1165252
центр_s по_pr	0.45995490879186085	7.0	1970426	9.0	1165252
суд_s над_pr	0.45995490879186085	7.0	1970426	9.0	1165252
мир_s с_pr	0.45995490879186085	7.0	1970426	9.0	1165252
суд_s на_pr	0.45490045924469746	10.0	1970426	13.0	1165252
время_s на_pr	0.45338412438054854	23.0	1970426	30.0	1165252
день_s в_pr	0.44352794776358007	36.0	1970426	48.0	1165252
причина_s для_pr	0.44352794776358007	6.0	1970426	8.0	1165252
россия_s по_pr	0.43930387207059357	26.0	1970426	35.0	1165252
надежда_s на_pr	0.4336717711466116	22.0	1970426	30.0	1165252
шанс_s на_pr	0.4300877069222595	16.0	1970426	22.0	1165252
ученый_s из_pr	0.4300877069222595	8.0	1970426	11.0	1165252
позиция_s по_pr	0.42710098673529934	13.0	1970426	18.0	1165252
мужчина_s в_pr	0.42710098673529934	13.0	1970426	18.0	1165252
событие_s на_pr	0.42240756929864764	10.0	1970426	14.0	1165252
центр_s на_pr	0.42240756929864764	5.0	1970426	7.0	1165252
заявление_s об_pr	0.41743806848336945	12.0	1970426	17.0	1165252
рф_s по_pr	0.4152176532254792	33.0	1970426	47.0	1165252
раз_s за_pr	0.4094104133202277	9.0	1970426	13.0	1165252
место_s на_pr	0.4094104133202277	18.0	1970426	26.0	1165252
протест_s в_pr	0.4094104133202277	9.0	1970426	13.0	1165252
уважение_s к_pr	0.4032072252396182	15.0	1970426	22.0	1165252
пункт_s в_pr	0.3942470646787379	8.0	1970426	12.0	1165252
тема_s для_pr	0.3942470646787379	6.0	1970426	9.0	1165252
план_s по_pr	0.3942470646787379	12.0	1970426	18.0	1165252
центр_s в_pr	0.3942470646787378	14.0	1970426	21.0	1165252
оружие_s в_pr	0.3942470646787378	10.0	1970426	15.0	1165252
день_s после_pr	0.38744970149462166	19.0	1970426	29.0	1165252
цитата_s из_pr	0.38016681236878286	9.0	1970426	14.0	1165252
жизнь_s на_pr	0.37349721916933054	12.0	1970426	19.0	1165252
разрыв_s с_pr	0.3696066231363167	5.0	1970426	8.0	1165252
ссылка_s на_pr	0.363920367395758	64.0	1970426	104.0	1165252
союз_s с_pr	0.354822358210864	9.0	1970426	15.0	1165252
дело_s по_pr	0.3511262919795009	38.0	1970426	64.0	1165252
усилие_s для_pr	0.34496618159389564	7.0	1970426	12.0	1165252
выходец_s из_pr	0.32853922056561485	15.0	1970426	27.0	1165252
компания_s с_pr	0.32853922056561485	5.0	1970426	9.0	1165252
раз_s в_pr	0.32736586620645197	31.0	1970426	56.0	1165252
большинство_s из_pr	0.3243000048163811	17.0	1970426	31.0	1165252
игра_s с_pr	0.3225657801916946	6.0	1970426	11.0	1165252
вопрос_s с_pr	0.3225657801916946	6.0	1970426	11.0	1165252
доступ_s в_pr	0.3225657801916946	6.0	1970426	11.0	1165252
модель_s для_pr	0.31843032147128825	7.0	1970426	13.0	1165252
вода_s в_pr	0.2956852985090534	8.0	1970426	16.0	1165252
победа_s над_pr	0.29568529850905334	10.0	1970426	20.0	1165252
память_s о_pr	0.29568529850905334	7.0	1970426	14.0	1165252
поправка_s к_pr	0.29568529850905334	7.0	1970426	14.0	1165252
переговоры_s по_pr	0.27597294527511645	7.0	1970426	15.0	1165252
переговоры_s о_pr	0.27597294527511645	7.0	1970426	15.0	1165252
эксперимент_s по_pr	0.27597294527511645	7.0	1970426	15.0	1165252
президент_s в_pr	0.2710448569666323	11.0	1970426	24.0	1165252
слово_s о_pr	0.26880481682641216	5.0	1970426	11.0	1165252
выход_s в_pr	0.26880481682641216	10.0	1970426	22.0	1165252
газ_s в_pr	0.2650971641805306	13.0	1970426	29.0	1165252
акция_s в_pr	0.26283137645249194	8.0	1970426	18.0	1165252
время_s от_pr	0.2628313764524919	12.0	1970426	27.0	1165252
сотрудничество_s между_pr	0.2587246361954217	7.0	1970426	16.0	1165252
срок_s на_pr	0.2571176508774377	10.0	1970426	23.0	1165252
рука_s в_pr	0.2571176508774377	10.0	1970426	23.0	1165252
место_s для_pr	0.2534445415791886	15.0	1970426	35.0	1165252
смерть_s в_pr	0.2534445415791886	6.0	1970426	14.0	1165252
область_s в_pr	0.2534445415791886	15.0	1970426	35.0	1165252
комитет_s по_pr	0.2498749001484958	30.0	1970426	71.0	1165252
беседа_s с_pr	0.2479941213301738	13.0	1970426	31.0	1165252
свобода_s с_pr	0.24640441542421113	5.0	1970426	12.0	1165252
разговор_s с_pr	0.24192433514377093	9.0	1970426	22.0	1165252
встреча_s в_pr	0.24192433514377093	9.0	1970426	22.0	1165252
область_s с_pr	0.23654823880724268	6.0	1970426	15.0	1165252
компания_s в_pr	0.23654823880724268	6.0	1970426	15.0	1165252
проблема_s с_pr	0.23077876956804166	16.0	1970426	41.0	1165252
победа_s в_pr	0.22745022962234873	10.0	1970426	26.0	1165252
штраф_s в_pr	0.22176397388179003	6.0	1970426	16.0	1165252
месяц_s с_pr	0.21504385346112975	8.0	1970426	22.0	1165252
войско_s в_pr	0.21504385346112975	8.0	1970426	22.0	1165252
виновный_s в_pr	0.21355049336764967	13.0	1970426	36.0	1165252
поездка_s в_pr	0.20871903424168473	6.0	1970426	17.0	1165252
обвиняемый_s в_pr	0.19712353233936894	6.0	1970426	18.0	1165252
село_s в_pr	0.1971235323393689	5.0	1970426	15.0	1165252
повод_s для_pr	0.18674860958466527	12.0	1970426	38.0	1165252
управление_s по_pr	0.17920321121760807	10.0	1970426	33.0	1165252
протест_s против_pr	0.17581288019457225	11.0	1970426	37.0	1165252
данные_s на_pr	0.17393252853473726	5.0	1970426	17.0	1165252
ребенок_s в_pr	0.16736903689191698	15.0	1970426	53.0	1165252
игра_s в_pr	0.15653927568126352	9.0	1970426	34.0	1165252
столкновение_s с_pr	0.15331830293062026	7.0	1970426	27.0	1165252
обвинение_s в_pr	0.1503484568690102	15.0	1970426	59.0	1165252
никто_s из_pr	0.14784264925452667	7.0	1970426	28.0	1165252
переговоры_s с_pr	0.14784264925452667	13.0	1970426	52.0	1165252
покушение_s на_pr	0.13798647263755823	7.0	1970426	30.0	1165252
причастность_s к_pr	0.13647013777340924	6.0	1970426	26.0	1165252
любовь_s к_pr	0.13647013777340922	9.0	1970426	39.0	1165252
граница_s с_pr	0.13440240841320608	5.0	1970426	22.0	1165252
подозрение_s в_pr	0.12235253731409104	6.0	1970426	29.0	1165252
поправка_s в_pr	0.09240165578407918	5.0	1970426	32.0	1165252
визит_s в_pr	0.0899911778071032	7.0	1970426	46.0	1165252
встреча_s с_pr	0.043271019294007805	9.0	1970426	123.0	1165252
