ngram	weird	freq_corp	size_corp	freq_ref	size_ref
можно_adv отметить_v	20.697970895633738	35.0	1970426	1.0	1165252
часто_adv использоваться_v	17.741117910543203	30.0	1970426	1.0	1165252
широко_adv использоваться_v	15.67132082097983	53.0	1970426	2.0	1165252
непосредственно_adv зависеть_v	14.78426492545267	25.0	1970426	1.0	1165252
отдельно_adv взять_partcp	12.418782537380242	21.0	1970426	1.0	1165252
справедливо_adv отмечать_v	12.418782537380242	21.0	1970426	1.0	1165252
можно_adv выделить_v	11.728850174192452	119.0	1970426	6.0	1165252
постоянно_adv проживать_partcp	10.644670746325922	18.0	1970426	1.0	1165252
можно_adv отнести_v	10.289848388115058	87.0	1970426	5.0	1165252
можно_adv утверждать_v	9.461929552289709	32.0	1970426	2.0	1165252
куда_adv входить_v	8.870558955271601	15.0	1970426	1.0	1165252
здесь_adv мочь_v	8.279188358253494	14.0	1970426	1.0	1165252
резко_adv возрасти_v	8.279188358253494	14.0	1970426	1.0	1165252
активно_adv развиваться_v	8.279188358253494	14.0	1970426	1.0	1165252
необходимо_adv отметить_v	8.04264011944625	68.0	1970426	5.0	1165252
искусственно_adv создать_partcp	7.096447164217281	12.0	1970426	1.0	1165252
всего_adv следовать_v	7.096447164217281	12.0	1970426	1.0	1165252
далее_adv следовать_v	6.505076567199175	11.0	1970426	1.0	1165252
обычно_adv бывать_v	6.505076567199175	11.0	1970426	1.0	1165252
широко_adv представить_partcp	6.505076567199175	11.0	1970426	1.0	1165252
условно_adv говорить_v	6.505076567199175	11.0	1970426	1.0	1165252
существенно_adv изменить_v	6.505076567199175	11.0	1970426	1.0	1165252
существенно_adv влиять_v	5.913705970181067	10.0	1970426	1.0	1165252
существенно_adv измениться_v	5.913705970181067	10.0	1970426	1.0	1165252
всегда_adv мочь_v	5.913705970181067	10.0	1970426	1.0	1165252
как_adv считать_v	5.913705970181067	10.0	1970426	1.0	1165252
четко_adv определить_partcp	5.913705970181067	10.0	1970426	1.0	1165252
необходимо_adv учитывать_v	5.913705970181067	40.0	1970426	4.0	1165252
можно_adv представить_v	5.795431850777446	49.0	1970426	5.0	1165252
можно_adv охарактеризовать_v	5.322335373162961	18.0	1970426	2.0	1165252
важно_adv подчеркнуть_v	5.322335373162961	9.0	1970426	1.0	1165252
можно_adv указать_v	5.322335373162961	18.0	1970426	2.0	1165252
можно_adv оценить_v	5.322335373162961	9.0	1970426	1.0	1165252
также_adv следовать_v	5.322335373162961	9.0	1970426	1.0	1165252
широко_adv применяться_v	5.322335373162961	18.0	1970426	2.0	1165252
можно_adv констатировать_v	5.174492723908434	35.0	1970426	4.0	1165252
существенно_adv отличаться_v	5.125211840823592	26.0	1970426	3.0	1165252
можно_adv описать_v	4.730964776144854	8.0	1970426	1.0	1165252
широко_adv использовать_partcp	4.730964776144854	8.0	1970426	1.0	1165252
активно_adv разрабатываться_v	4.730964776144854	8.0	1970426	1.0	1165252
ранее_adv существовать_partcp	4.730964776144854	8.0	1970426	1.0	1165252
можно_adv судить_v	4.583122126890328	31.0	1970426	4.0	1165252
можно_adv получить_v	4.533841243805486	23.0	1970426	3.0	1165252
также_adv мочь_v	4.435279477635801	45.0	1970426	6.0	1165252
можно_adv определить_v	4.213515503754011	57.0	1970426	8.0	1165252
здесь_adv являться_v	4.139594179126747	14.0	1970426	2.0	1165252
важно_adv помнить_v	4.139594179126747	7.0	1970426	1.0	1165252
значительно_adv превышать_v	4.139594179126747	7.0	1970426	1.0	1165252
постоянно_adv увеличиваться_v	4.139594179126747	7.0	1970426	1.0	1165252
иногда_adv называть_v	4.139594179126747	14.0	1970426	2.0	1165252
вправе_adv требовать_v	4.139594179126747	7.0	1970426	1.0	1165252
вообще_adv отсутствовать_v	4.139594179126747	7.0	1970426	1.0	1165252
полностью_adv соответствовать_v	4.139594179126747	7.0	1970426	1.0	1165252
обычно_adv являться_v	4.139594179126747	7.0	1970426	1.0	1165252
также_adv оказывать_v	4.139594179126747	7.0	1970426	1.0	1165252
всегда_adv существовать_v	3.8439088806176938	13.0	1970426	2.0	1165252
можно_adv рассматривать_v	3.769987555990431	51.0	1970426	8.0	1165252
широко_adv распространить_partcp	3.7453471144480095	19.0	1970426	3.0	1165252
где_adv использоваться_v	3.5482235821086405	6.0	1970426	1.0	1165252
неуклонно_adv расти_v	3.5482235821086405	6.0	1970426	1.0	1165252
можно_adv сформулировать_v	3.5482235821086405	12.0	1970426	2.0	1165252
можно_adv заключить_v	3.5482235821086405	12.0	1970426	2.0	1165252
можно_adv прийти_v	3.5482235821086405	6.0	1970426	1.0	1165252
можно_adv выявить_v	3.5482235821086405	6.0	1970426	1.0	1165252
убедительно_adv показывать_v	3.5482235821086405	6.0	1970426	1.0	1165252
эффективно_adv решать_v	3.5482235821086405	6.0	1970426	1.0	1165252
всегда_adv удаваться_v	3.5482235821086405	6.0	1970426	1.0	1165252
напрямую_adv зависеть_v	3.5482235821086405	6.0	1970426	1.0	1165252
всегда_adv стремиться_v	3.5482235821086405	6.0	1970426	1.0	1165252
сильно_adv различаться_v	3.5482235821086405	6.0	1970426	1.0	1165252
всегда_adv находиться_v	3.5482235821086405	6.0	1970426	1.0	1165252
часто_adv оказываться_v	3.5482235821086405	12.0	1970426	2.0	1165252
можно_adv привести_v	3.429949462705019	29.0	1970426	5.0	1165252
можно_adv предположить_v	3.2525382835995873	33.0	1970426	6.0	1165252
всегда_adv иметь_v	3.153976517429903	16.0	1970426	3.0	1165252
где_adv отсутствовать_v	2.9568529850905336	5.0	1970426	1.0	1165252
где_adv действовать_v	2.9568529850905336	5.0	1970426	1.0	1165252
ли_adv быть_v	2.9568529850905336	10.0	1970426	2.0	1165252
всегда_adv стоять_v	2.9568529850905336	5.0	1970426	1.0	1165252
нередко_adv использоваться_v	2.9568529850905336	5.0	1970426	1.0	1165252
нужно_adv искать_v	2.9568529850905336	5.0	1970426	1.0	1165252
прямо_adv указывать_v	2.9568529850905336	5.0	1970426	1.0	1165252
бурно_adv развиваться_v	2.9568529850905336	5.0	1970426	1.0	1165252
более_adv приспособить_partcp	2.9568529850905336	5.0	1970426	1.0	1165252
реально_adv существовать_partcp	2.9568529850905336	5.0	1970426	1.0	1165252
часто_adv использовать_v	2.9568529850905336	10.0	1970426	2.0	1165252
существенно_adv повлиять_v	2.9568529850905336	5.0	1970426	1.0	1165252
также_adv определяться_v	2.9568529850905336	5.0	1970426	1.0	1165252
часто_adv происходить_v	2.9568529850905336	5.0	1970426	1.0	1165252
необходимо_adv иметь_v	2.759729452751165	14.0	1970426	3.0	1165252
нельзя_adv считать_v	2.759729452751165	14.0	1970426	3.0	1165252
также_adv являться_v	2.7203047462832908	23.0	1970426	5.0	1165252
полностью_adv совпадать_v	2.6611676865814804	9.0	1970426	2.0	1165252
сюда_adv входить_v	2.6611676865814804	9.0	1970426	2.0	1165252
практически_adv отсутствовать_v	2.6611676865814804	9.0	1970426	2.0	1165252
всегда_adv выступать_v	2.6611676865814804	9.0	1970426	2.0	1165252
отсюда_adv следовать_v	2.6020306268796696	22.0	1970426	5.0	1165252
можно_adv обнаружить_v	2.6020306268796696	22.0	1970426	5.0	1165252
быстро_adv расти_v	2.562605920411796	13.0	1970426	3.0	1165252
как_adv показать_v	2.562605920411796	26.0	1970426	6.0	1165252
строго_adv говорить_v	2.562605920411796	13.0	1970426	3.0	1165252
широко_adv использовать_v	2.513325037326954	17.0	1970426	4.0	1165252
часто_adv бывать_v	2.513325037326954	17.0	1970426	4.0	1165252
можно_adv считать_v	2.454187977625143	83.0	1970426	20.0	1165252
можно_adv разделить_v	2.365482388072427	24.0	1970426	6.0	1165252
важно_adv отметить_v	2.365482388072427	32.0	1970426	8.0	1165252
неизбежно_adv вести_v	2.365482388072427	8.0	1970426	2.0	1165252
как_adv указывать_v	2.365482388072427	8.0	1970426	2.0	1165252
активно_adv использоваться_v	2.2176397388179003	15.0	1970426	4.0	1165252
как_adv писать_v	2.196519360352968	26.0	1970426	7.0	1165252
как_adv свидетельствовать_v	2.168358855733058	11.0	1970426	3.0	1165252
постепенно_adv быть_v	2.0697970895633735	7.0	1970426	2.0	1165252
постепенно_adv переходить_v	2.0697970895633735	7.0	1970426	2.0	1165252
активно_adv использовать_v	2.0697970895633735	14.0	1970426	4.0	1165252
можно_adv расценивать_v	2.0697970895633735	7.0	1970426	2.0	1165252
можно_adv назвать_v	2.0697970895633735	77.0	1970426	22.0	1165252
часто_adv называть_v	2.0697970895633735	14.0	1970426	4.0	1165252
можно_adv использовать_v	2.027556332633509	24.0	1970426	7.0	1165252
поэтому_adv быть_v	1.971235323393689	10.0	1970426	3.0	1165252
впоследствии_adv быть_v	1.971235323393689	10.0	1970426	3.0	1165252
как_adv показывать_v	1.9430748187737794	23.0	1970426	7.0	1165252
также_adv иметь_v	1.8923859104579417	16.0	1970426	5.0	1165252
можно_adv видеть_v	1.8585933049140497	22.0	1970426	7.0	1165252
можно_adv говорить_v	1.8233926741391624	74.0	1970426	24.0	1165252
часто_adv становиться_v	1.7741117910543203	9.0	1970426	3.0	1165252
постепенно_adv начинать_v	1.7741117910543203	6.0	1970426	2.0	1165252
всегда_adv являться_v	1.7741117910543203	18.0	1970426	6.0	1165252
эффективно_adv использовать_v	1.7741117910543203	9.0	1970426	3.0	1165252
также_adv существовать_v	1.7741117910543203	6.0	1970426	2.0	1165252
здесь_adv иметь_v	1.7741117910543203	9.0	1970426	3.0	1165252
значительно_adv расшириться_v	1.7741117910543203	9.0	1970426	3.0	1165252
можно_adv предложить_v	1.7741117910543203	9.0	1970426	3.0	1165252
часто_adv употребляться_v	1.7741117910543203	6.0	1970426	2.0	1165252
достаточно_adv быть_v	1.7741117910543203	6.0	1970426	2.0	1165252
всегда_adv оставаться_v	1.7741117910543203	12.0	1970426	4.0	1165252
особо_adv подчеркивать_v	1.7741117910543203	6.0	1970426	2.0	1165252
значительно_adv отличаться_v	1.7741117910543203	6.0	1970426	2.0	1165252
всегда_adv оказываться_v	1.7741117910543203	6.0	1970426	2.0	1165252
фактически_adv являться_v	1.7741117910543203	6.0	1970426	2.0	1165252
одновременно_adv быть_v	1.7741117910543203	9.0	1970426	3.0	1165252
по-прежнему_adv оставаться_v	1.7741117910543203	12.0	1970426	4.0	1165252
необходимо_adv подчеркнуть_v	1.7741117910543203	6.0	1970426	2.0	1165252
как_adv видеть_v	1.7741117910543203	18.0	1970426	6.0	1165252
можно_adv сравнить_v	1.7741117910543203	9.0	1970426	3.0	1165252
здесь_adv следовать_v	1.6262691417997936	11.0	1970426	4.0	1165252
можно_adv признать_v	1.6262691417997936	11.0	1970426	4.0	1165252
невозможно_adv быть_v	1.5375635522470774	13.0	1970426	5.0	1165252
надо_adv сказать_v	1.5206672494751314	18.0	1970426	7.0	1165252
короче_adv говорить_v	1.5206672494751314	18.0	1970426	7.0	1165252
можно_adv найти_v	1.4958197453987405	43.0	1970426	17.0	1165252
здесь_adv играть_v	1.4784264925452668	5.0	1970426	2.0	1165252
часто_adv приводить_v	1.4784264925452668	5.0	1970426	2.0	1165252
трудно_adv представить_v	1.4784264925452668	5.0	1970426	2.0	1165252
можно_adv построить_v	1.4784264925452668	5.0	1970426	2.0	1165252
можно_adv обеспечить_v	1.4784264925452668	5.0	1970426	2.0	1165252
можно_adv дать_v	1.4784264925452668	5.0	1970426	2.0	1165252
впервые_adv быть_v	1.4515460108626257	27.0	1970426	11.0	1165252
можно_adv наблюдать_v	1.419289432843456	12.0	1970426	5.0	1165252
надо_adv делать_v	1.3798647263755826	7.0	1970426	3.0	1165252
неизбежно_adv приводить_v	1.3798647263755826	7.0	1970426	3.0	1165252
можно_adv увидеть_v	1.3798647263755826	21.0	1970426	9.0	1165252
впервые_adv появиться_v	1.3798647263755826	7.0	1970426	3.0	1165252
также_adv находиться_v	1.3798647263755826	7.0	1970426	3.0	1165252
пор_adv оставаться_v	1.3798647263755826	7.0	1970426	3.0	1165252
первоначально_adv быть_v	1.3798647263755826	7.0	1970426	3.0	1165252
как_adv быть_v	1.3647013777340924	30.0	1970426	13.0	1165252
можно_adv сказать_v	1.3574643249733813	101.0	1970426	44.0	1165252
одновременно_adv являться_v	1.3305838432907402	9.0	1970426	4.0	1165252
необходимо_adv быть_v	1.2902631207667783	24.0	1970426	11.0	1165252
должно_adv быть_v	1.240592665483637	193.0	1970426	92.0	1165252
фактически_adv быть_v	1.1827411940362136	6.0	1970426	3.0	1165252
также_adv использовать_v	1.1827411940362136	6.0	1970426	3.0	1165252
хорошо_adv понять_v	1.1827411940362136	8.0	1970426	4.0	1165252
еще_adv оставаться_v	1.1827411940362136	8.0	1970426	4.0	1165252
специально_adv создать_partcp	1.1827411940362136	8.0	1970426	4.0	1165252
надо_adv признать_v	1.1827411940362136	12.0	1970426	6.0	1165252
можно_adv добиться_v	1.1827411940362136	6.0	1970426	3.0	1165252
можно_adv проследить_v	1.1827411940362136	8.0	1970426	4.0	1165252
негативно_adv сказаться_v	1.1827411940362136	6.0	1970426	3.0	1165252
тесно_adv связать_partcp	1.1827411940362136	6.0	1970426	3.0	1165252
нельзя_adv сказать_v	1.1827411940362136	16.0	1970426	8.0	1165252
ранее_adv быть_v	1.098259680176484	13.0	1970426	7.0	1165252
как_adv отмечать_v	1.0893668892438808	35.0	1970426	19.0	1165252
ли_adv мочь_v	1.084179427866529	11.0	1970426	6.0	1165252
также_adv считать_v	1.064467074632592	9.0	1970426	5.0	1165252
можно_adv объяснить_v	1.064467074632592	9.0	1970426	5.0	1165252
часто_adv встречаться_v	1.0513255058099678	16.0	1970426	9.0	1165252
активно_adv участвовать_v	1.0214583039403662	19.0	1970426	11.0	1165252
можно_adv заметить_v	1.0137781663167544	12.0	1970426	7.0	1165252
как_adv отмечаться_v	1.0137781663167544	12.0	1970426	7.0	1165252
постоянно_adv расти_v	0.9856176616968445	5.0	1970426	3.0	1165252
здесь_adv находиться_v	0.9856176616968445	5.0	1970426	3.0	1165252
можно_adv сделать_v	0.9325459414516298	41.0	1970426	26.0	1165252
достаточно_adv вспомнить_v	0.9292966524570249	11.0	1970426	7.0	1165252
исторически_adv сложиться_partcp	0.8870558955271601	6.0	1970426	4.0	1165252
можно_adv ожидать_v	0.8279188358253494	7.0	1970426	5.0	1165252
всегда_adv быть_v	0.8221493665861483	57.0	1970426	41.0	1165252
можно_adv быть_v	0.8105499091996429	196.0	1970426	143.0	1165252
надо_adv отметить_v	0.7884941293574758	8.0	1970426	6.0	1165252
еще_adv предстоять_v	0.7884941293574758	8.0	1970426	6.0	1165252
также_adv привести_v	0.7392132462726334	5.0	1970426	4.0	1165252
где_adv происходить_v	0.7392132462726334	5.0	1970426	4.0	1165252
где_adv быть_v	0.6671873402255563	44.0	1970426	39.0	1165252
здесь_adv быть_v	0.6525468656751523	32.0	1970426	29.0	1165252
нельзя_adv забывать_v	0.5913705970181067	5.0	1970426	5.0	1165252
надо_adv быть_v	0.5440609492566583	46.0	1970426	50.0	1165252
действительно_adv быть_v	0.5376096336528243	10.0	1970426	11.0	1165252
нельзя_adv быть_v	0.5037601382006094	23.0	1970426	27.0	1165252
нужно_adv быть_v	0.4804886100772117	26.0	1970426	32.0	1165252
вполне_adv мочь_v	0.4804886100772117	13.0	1970426	16.0	1165252
затем_adv быть_v	0.4094104133202277	9.0	1970426	13.0	1165252
также_adv быть_v	0.39424706467873777	44.0	1970426	66.0	1165252
где_adv проживать_v	0.3696066231363167	5.0	1970426	8.0	1165252
можно_adv встретить_v	0.3225657801916946	6.0	1970426	11.0	1165252
хорошо_adv знать_v	0.31307855136252705	9.0	1970426	17.0	1165252
еще_adv быть_v	0.2956852985090534	15.0	1970426	30.0	1165252
как_adv следовать_v	0.2956852985090534	8.0	1970426	16.0	1165252
где_adv проходить_v	0.22176397388179003	6.0	1970426	16.0	1165252
также_adv отметить_v	0.13517042217556727	8.0	1970426	35.0	1165252
